0 150 240 0 0
2 0 368 2 0
2 16 368 2 0
2 32 368 2 0
2 48 368 2 0
2 64 368 2 0
2 80 368 2 0
2 96 368 2 0
2 112 368 2 0
2 128 368 2 0
2 144 368 2 0
1 160 352 1 0
1 224 320 1 0
1 400 272 1 0
1 480 224 1 0
2 176 352 2 0
2 192 352 2 0
2 208 352 2 0
2 240 320 2 0
2 256 320 2 0
2 272 320 2 0
2 288 320 2 0
2 336 288 2 0
2 352 288 2 0
2 368 288 2 0
2 384 288 2 0
2 416 272 2 0
2 432 272 2 0
2 448 272 2 0
2 464 272 2 0
3 224 336 4 0
3 480 240 4 0
3 480 256 4 0
2 496 224 2 0
2 512 224 2 0
2 528 224 2 0
2 544 224 2 0
2 560 224 2 0
2 576 224 2 0
2 592 224 2 0
2 608 224 2 0
2 624 224 2 0
1 640 224 3 0
3 640 240 6 0
3 640 256 6 0
3 640 272 6 0
3 640 288 6 0
3 640 304 6 0
3 640 320 6 0
3 640 336 6 0
3 640 352 6 0
3 640 368 6 0
3 640 384 6 0
3 640 400 6 0
3 640 416 6 0
3 640 432 6 0
3 640 448 6 0
1 752 224 1 0
3 752 240 7 0
3 768 240 8 0
3 784 240 8 0
3 800 240 8 0
3 816 240 8 0
3 832 240 8 0
3 848 240 8 0
2 768 224 2 0
2 784 224 2 0
2 800 224 2 0
2 816 224 2 0
2 832 224 2 0
2 848 224 2 0
2 656 400 2 0
2 672 400 2 0
2 688 400 2 0
2 704 400 2 0
2 720 400 2 0
2 736 400 2 0
2 752 400 2 0
2 768 400 2 0
2 784 400 2 0
2 800 400 2 0
2 816 400 2 0
2 832 400 2 0
2 848 400 2 0
2 928 400 2 0
3 928 368 7 0
3 944 368 9 0
1 928 352 1 0
1 944 352 3 0
2 944 400 2 0
2 960 400 2 0
2 976 400 2 0
3 864 240 8 0
3 912 240 8 0
3 880 240 8 0
3 896 240 8 0
3 928 240 9 0
3 1008 240 7 0
2 992 400 2 0
2 1008 400 2 0
2 1024 400 2 0
2 1040 400 2 0
2 1056 400 2 0
2 1072 400 2 0
2 1088 400 2 0
2 1104 400 2 0
2 1120 400 2 0
2 1152 400 2 0
2 1168 400 2 0
3 928 224 6 0
3 928 208 6 0
3 928 192 6 0
1 928 176 3 0
1 896 176 1 0
2 912 176 2 0
3 896 192 4 0
3 896 208 4 0
2 864 224 2 0
2 880 224 2 0
1 1008 224 1 0
2 1024 224 2 0
2 1040 224 2 0
2 1056 224 2 0
3 1056 256 7 0
3 1040 240 8 0
3 1024 240 8 0
1 320 288 1 0
3 320 304 4 0
2 304 320 2 0
2 912 400 2 0
1 864 400 3 0
1 896 400 1 0
3 896 416 4 0
3 896 432 4 0
3 896 448 4 0
3 864 416 6 0
3 864 432 6 0
3 864 448 6 0
2 880 448 2 0
5 880 432 49 0
2 1072 224 2 0
2 1088 224 2 0
2 1104 224 2 0
2 1120 224 2 0
2 1136 224 2 0
2 1152 224 2 0
2 1168 224 2 0
2 1072 256 8 0
2 1088 256 8 0
2 1104 256 8 0
2 1120 256 8 0
2 1136 256 8 0
2 1152 256 8 0
2 1168 256 8 0
5 0 384 5 0
5 0 400 5 0
5 0 416 5 0
5 0 432 5 0
5 0 448 5 0
5 16 448 5 0
5 16 432 5 0
5 16 416 5 0
5 16 400 5 0
5 16 384 5 0
5 32 384 5 0
5 32 400 5 0
5 32 416 5 0
5 32 432 5 0
5 32 448 5 0
5 48 448 5 0
5 48 432 5 0
5 48 416 5 0
5 48 400 5 0
5 48 384 5 0
5 64 384 5 0
5 64 400 5 0
5 64 416 5 0
5 64 432 5 0
5 64 448 5 0
5 80 448 5 0
5 80 432 5 0
5 80 416 5 0
5 80 400 5 0
5 80 384 5 0
5 96 384 5 0
5 96 400 5 0
5 96 416 5 0
5 96 432 5 0
5 96 448 5 0
5 112 448 5 0
5 112 432 5 0
5 112 416 5 0
5 112 400 5 0
5 112 384 5 0
5 128 384 5 0
5 128 400 5 0
5 128 416 5 0
5 128 432 5 0
5 128 448 5 0
5 144 448 5 0
5 144 432 5 0
5 144 416 5 0
5 144 400 5 0
5 144 384 5 0
5 160 368 5 0
5 160 384 5 0
5 160 400 5 0
5 160 416 5 0
5 160 432 5 0
5 160 448 5 0
5 176 448 5 0
5 176 432 5 0
5 176 416 5 0
5 176 400 5 0
5 176 384 5 0
5 176 368 5 0
5 192 368 5 0
5 192 384 5 0
5 192 400 5 0
5 192 416 5 0
5 192 432 5 0
5 192 448 5 0
5 208 448 5 0
5 208 432 5 0
5 208 400 5 0
5 208 416 5 0
5 208 384 5 0
5 208 368 5 0
5 224 352 5 0
5 224 368 5 0
5 224 384 5 0
5 224 400 5 0
5 224 416 5 0
5 224 432 5 0
5 224 448 5 0
5 240 448 5 0
5 240 432 5 0
5 240 416 5 0
5 240 400 5 0
5 240 384 5 0
5 240 368 5 0
5 240 352 5 0
5 240 336 5 0
5 256 336 5 0
5 256 352 5 0
5 256 384 5 0
5 256 368 5 0
5 256 400 5 0
5 256 416 5 0
5 256 432 5 0
5 256 448 5 0
5 272 448 5 0
5 272 432 5 0
5 272 416 5 0
5 272 400 5 0
5 272 384 5 0
5 272 368 5 0
5 272 352 5 0
5 272 336 5 0
5 288 336 5 0
5 288 352 5 0
5 288 368 5 0
5 288 384 5 0
5 288 400 5 0
5 288 416 5 0
5 288 432 5 0
5 288 448 5 0
5 304 448 5 0
5 304 432 5 0
5 304 416 5 0
5 304 400 5 0
5 304 384 5 0
5 304 368 5 0
5 304 352 5 0
5 304 336 5 0
5 320 320 5 0
5 320 336 5 0
5 320 352 5 0
5 320 368 5 0
5 320 384 5 0
5 320 400 5 0
5 320 416 5 0
5 320 432 5 0
5 320 448 5 0
5 336 448 5 0
5 352 432 5 0
5 336 432 5 0
5 336 416 5 0
5 336 400 5 0
5 336 384 5 0
5 336 368 5 0
5 336 352 5 0
5 336 336 5 0
5 336 320 5 0
5 336 304 5 0
5 352 304 5 0
5 352 320 5 0
5 352 352 5 0
5 352 336 5 0
5 352 368 5 0
5 352 400 5 0
5 352 384 5 0
5 352 416 5 0
5 352 448 5 0
5 368 448 5 0
5 368 432 5 0
5 368 416 5 0
5 368 400 5 0
5 368 384 5 0
5 368 368 5 0
5 368 352 5 0
5 368 336 5 0
5 368 320 5 0
5 384 304 5 0
5 368 304 5 0
5 384 320 5 0
5 384 352 5 0
5 384 336 5 0
5 384 368 5 0
5 384 384 5 0
5 384 400 5 0
5 384 432 5 0
5 384 416 5 0
5 384 448 5 0
5 400 448 5 0
5 400 432 5 0
5 400 416 5 0
5 400 400 5 0
5 400 384 5 0
5 400 368 5 0
5 400 352 5 0
5 400 336 5 0
5 400 320 5 0
5 400 304 5 0
5 400 288 5 0
5 416 288 5 0
5 416 304 5 0
5 416 320 5 0
5 416 336 5 0
5 416 352 5 0
5 416 368 5 0
5 416 384 5 0
5 416 400 5 0
5 416 416 5 0
5 416 432 5 0
5 416 448 5 0
5 432 448 5 0
5 432 432 5 0
5 432 416 5 0
5 432 400 5 0
5 432 368 5 0
5 432 384 5 0
5 432 352 5 0
5 432 336 5 0
5 432 320 5 0
5 432 304 5 0
5 432 288 5 0
5 448 288 5 0
5 448 320 5 0
5 448 304 5 0
5 448 336 5 0
5 448 352 5 0
5 448 368 5 0
5 448 384 5 0
5 448 400 5 0
5 448 416 5 0
5 448 432 5 0
5 448 448 5 0
5 464 448 5 0
5 464 432 5 0
5 464 416 5 0
5 464 400 5 0
5 464 384 5 0
5 464 352 5 0
5 464 368 5 0
5 464 336 5 0
5 464 320 5 0
5 464 304 5 0
5 464 288 5 0
5 480 272 5 0
5 480 288 5 0
5 480 304 5 0
5 480 320 5 0
5 480 336 5 0
5 480 352 5 0
5 480 368 5 0
5 480 384 5 0
5 480 400 5 0
5 480 416 5 0
5 480 432 5 0
5 480 448 5 0
5 496 448 5 0
5 496 432 5 0
5 496 416 5 0
5 496 400 5 0
5 496 384 5 0
5 496 352 5 0
5 496 368 5 0
5 496 336 5 0
5 496 320 5 0
5 496 304 5 0
5 496 288 5 0
5 496 272 5 0
5 496 256 5 0
5 496 240 5 0
5 512 240 5 0
5 512 256 5 0
5 512 272 5 0
5 512 288 5 0
5 512 304 5 0
5 512 320 5 0
5 512 352 5 0
5 512 336 5 0
5 512 368 5 0
5 512 384 5 0
5 512 416 5 0
5 512 400 5 0
5 512 448 5 0
5 512 432 5 0
5 528 448 5 0
5 528 432 5 0
5 528 416 5 0
5 528 400 5 0
5 528 368 5 0
5 528 384 5 0
5 528 352 5 0
5 528 336 5 0
5 528 320 5 0
5 528 304 5 0
5 528 288 5 0
5 528 272 5 0
5 528 256 5 0
5 528 240 5 0
5 544 240 5 0
5 544 256 5 0
5 544 272 5 0
5 544 288 5 0
5 544 304 5 0
5 544 320 5 0
5 544 336 5 0
5 544 352 5 0
5 544 384 5 0
5 544 368 5 0
5 544 416 5 0
5 544 400 5 0
5 544 432 5 0
5 544 448 5 0
5 560 448 5 0
5 560 432 5 0
5 560 416 5 0
5 560 384 5 0
5 560 400 5 0
5 560 368 5 0
5 560 352 5 0
5 560 336 5 0
5 560 320 5 0
5 560 304 5 0
5 560 288 5 0
5 560 272 5 0
5 560 256 5 0
5 560 240 5 0
5 576 240 5 0
5 592 240 5 0
5 608 240 5 0
5 624 240 5 0
5 624 256 5 0
5 608 256 5 0
5 592 256 5 0
5 576 256 5 0
5 576 288 5 0
5 576 272 5 0
5 592 272 5 0
5 608 272 5 0
5 624 272 5 0
5 624 288 5 0
5 608 288 5 0
5 592 288 5 0
5 576 304 5 0
5 592 304 5 0
5 608 304 5 0
5 624 304 5 0
5 624 320 5 0
5 608 320 5 0
5 592 320 5 0
5 576 320 5 0
5 576 336 5 0
5 592 336 5 0
5 608 352 5 0
5 624 336 5 0
5 608 336 5 0
5 624 352 5 0
5 592 352 5 0
5 576 352 5 0
5 576 368 5 0
5 592 368 5 0
5 608 368 5 0
5 624 368 5 0
5 624 384 5 0
5 608 384 5 0
5 592 384 5 0
5 576 384 5 0
5 576 400 5 0
5 608 400 5 0
5 592 400 5 0
5 624 416 5 0
5 624 400 5 0
5 624 432 5 0
5 624 448 5 0
5 608 448 5 0
5 592 448 5 0
5 576 448 5 0
5 576 432 5 0
5 576 416 5 0
5 592 416 5 0
5 608 416 5 0
5 608 432 5 0
5 592 432 5 0
5 896 224 5 0
5 912 224 5 0
5 912 208 5 0
5 912 192 5 0
5 656 416 5 0
5 656 432 5 0
5 656 448 5 0
5 672 416 5 0
5 672 432 5 0
5 672 448 5 0
5 688 448 5 0
5 688 432 5 0
5 688 416 5 0
5 704 416 5 0
5 704 432 5 0
5 704 448 5 0
5 720 448 5 0
5 720 432 5 0
5 720 416 5 0
5 736 416 5 0
5 736 432 5 0
5 736 448 5 0
5 752 448 5 0
5 752 432 5 0
5 752 416 5 0
5 768 416 5 0
5 768 432 5 0
5 768 448 5 0
5 784 448 5 0
5 784 432 5 0
5 784 416 5 0
5 800 416 5 0
5 800 432 5 0
5 800 448 5 0
5 816 448 5 0
5 816 416 5 0
5 816 432 5 0
5 832 432 5 0
5 832 416 5 0
5 848 416 5 0
5 848 432 5 0
5 848 448 5 0
5 832 448 5 0
5 912 416 5 0
5 912 432 5 0
5 912 448 5 0
5 928 448 5 0
5 928 432 5 0
5 928 416 5 0
5 944 416 5 0
5 944 432 5 0
5 944 448 5 0
5 960 448 5 0
5 960 432 5 0
5 960 416 5 0
5 976 416 5 0
5 976 432 5 0
5 976 448 5 0
5 992 448 5 0
5 992 432 5 0
5 1008 416 5 0
5 992 416 5 0
5 1008 432 5 0
5 1008 448 5 0
5 1024 448 5 0
5 1024 432 5 0
5 1024 416 5 0
5 1040 416 5 0
5 1040 432 5 0
5 1040 448 5 0
5 1056 448 5 0
5 1056 432 5 0
5 1056 416 5 0
5 1072 416 5 0
5 1072 432 5 0
5 1072 448 5 0
5 1088 448 5 0
5 1088 432 5 0
5 1088 416 5 0
5 1104 416 5 0
5 1104 432 5 0
5 1104 448 5 0
5 1120 448 5 0
5 1120 432 5 0
5 1120 416 5 0
5 1136 416 5 0
5 1136 432 5 0
5 1136 448 5 0
5 1152 448 5 0
5 1152 432 5 0
5 1152 416 5 0
5 1168 416 5 0
5 1168 432 5 0
5 1168 448 5 0
5 1168 240 5 0
5 1152 240 5 0
5 1136 240 5 0
5 1120 240 5 0
5 1104 240 5 0
5 1088 240 5 0
5 1072 240 5 0
5 1056 240 5 0
5 0 352 46 0
5 16 352 46 0
5 32 352 46 0
5 48 352 46 0
5 80 352 47 0
5 64 352 46 0
5 176 336 45 0
5 192 336 47 0
5 336 272 45 0
5 384 272 47 0
5 368 272 46 0
5 352 272 46 0
5 528 208 45 0
5 560 208 46 0
5 576 208 46 0
5 592 208 46 0
5 624 208 46 0
5 640 208 47 0
5 608 208 49 0
5 544 208 49 0
5 784 208 45 0
5 832 208 46 0
5 864 208 47 0
5 848 208 49 0
5 816 208 49 0
5 800 208 46 0
5 672 384 45 0
5 704 384 46 0
5 720 384 46 0
5 736 384 46 0
5 768 384 46 0
5 784 384 46 0
5 816 384 47 0
5 800 384 49 0
5 752 384 49 0
5 688 384 49 0
5 944 336 48 0
5 1088 208 45 0
5 1136 208 46 0
5 1168 208 46 0
5 1152 208 49 0
5 1104 208 49 0
5 1120 208 46 0
5 1072 384 45 0
5 1088 384 46 0
5 1104 384 46 0
5 1120 384 46 0
5 1136 384 46 0
5 1152 384 46 0
5 1168 384 46 0
2 1136 400 2 0
