0 150 240 0 0
2 0 368 2 0
2 16 368 2 0
2 32 368 2 0
2 48 368 2 0
2 64 368 2 0
2 80 368 2 0
2 96 368 2 0
2 112 368 2 0
2 128 368 2 0
2 144 368 2 0
2 160 368 2 0
2 176 368 2 0
2 192 368 2 0
2 208 368 2 0
2 224 368 2 0
2 240 368 2 0
2 256 368 2 0
2 272 368 2 0
2 288 368 2 0
2 304 368 2 0
2 320 368 2 0
2 336 368 2 0
2 352 368 2 0
2 368 368 2 0
2 384 368 2 0
1 400 368 3 0
3 400 384 6 0
3 400 400 6 0
3 400 416 6 0
3 400 432 6 0
3 400 448 6 0
5 0 384 5 0
5 0 400 5 0
5 0 416 5 0
5 0 448 5 0
5 0 432 5 0
5 16 400 5 0
5 16 384 5 0
5 16 432 5 0
5 16 416 5 0
5 16 448 5 0
5 32 448 5 0
5 32 432 5 0
5 32 416 5 0
5 32 384 5 0
5 32 400 5 0
5 48 384 5 0
5 48 400 5 0
5 48 416 5 0
5 48 432 5 0
5 48 448 5 0
5 64 448 5 0
5 64 432 5 0
5 64 416 5 0
5 64 384 5 0
5 64 400 5 0
5 80 384 5 0
5 80 400 5 0
5 80 416 5 0
5 80 432 5 0
5 80 448 5 0
5 96 384 5 0
5 96 400 5 0
5 96 432 5 0
5 96 416 5 0
5 96 448 5 0
5 112 448 5 0
5 128 448 5 0
5 144 448 5 0
5 160 448 5 0
5 176 448 5 0
5 192 448 5 0
5 208 448 5 0
5 224 448 5 0
5 240 448 5 0
5 256 448 5 0
5 272 448 5 0
5 288 448 5 0
5 304 448 5 0
5 320 448 5 0
5 336 448 5 0
5 352 448 5 0
5 368 448 5 0
5 384 448 5 0
5 384 432 5 0
5 384 416 5 0
5 384 400 5 0
5 384 384 5 0
5 368 384 5 0
5 352 384 5 0
5 336 384 5 0
5 320 384 5 0
5 304 384 5 0
5 288 384 5 0
5 272 384 5 0
5 256 384 5 0
5 240 400 5 0
5 240 384 5 0
5 224 384 5 0
5 208 384 5 0
5 192 384 5 0
5 176 384 5 0
5 160 384 5 0
5 144 384 5 0
5 128 400 5 0
5 112 384 5 0
5 128 384 5 0
5 112 400 5 0
5 112 416 5 0
5 112 432 5 0
5 128 432 5 0
5 128 416 5 0
5 144 400 5 0
5 144 416 5 0
5 144 432 5 0
5 160 432 5 0
5 160 416 5 0
5 160 400 5 0
5 192 400 5 0
5 176 416 5 0
5 176 400 5 0
5 176 432 5 0
5 192 432 5 0
5 192 416 5 0
5 208 416 5 0
5 224 400 5 0
5 208 400 5 0
5 224 432 5 0
5 208 432 5 0
5 224 416 5 0
5 240 416 5 0
5 240 432 5 0
5 256 432 5 0
5 256 416 5 0
5 256 400 5 0
5 272 416 5 0
5 272 400 5 0
5 288 400 5 0
5 304 400 5 0
5 320 400 5 0
5 336 400 5 0
5 352 400 5 0
5 368 400 5 0
5 368 416 5 0
5 368 432 5 0
5 352 432 5 0
5 352 416 5 0
5 336 416 5 0
5 336 432 5 0
5 320 432 5 0
5 320 416 5 0
5 304 432 5 0
5 304 416 5 0
5 288 416 5 0
5 288 432 5 0
5 272 432 5 0
2 432 432 2 0
2 448 432 2 0
2 464 432 2 0
2 480 432 2 0
2 496 432 2 0
3 512 448 4 0
3 512 432 4 0
3 512 416 4 0
3 512 400 4 0
3 512 384 4 0
1 512 368 1 0
2 528 368 2 0
2 560 368 2 0
2 576 368 2 0
2 592 368 2 0
2 608 368 2 0
2 624 368 2 0
5 528 384 5 0
5 544 384 5 0
5 560 384 5 0
5 576 384 5 0
5 592 384 5 0
5 608 384 5 0
5 624 384 5 0
5 624 400 5 0
5 608 400 5 0
5 592 400 5 0
5 576 400 5 0
5 560 400 5 0
5 544 400 5 0
5 528 400 5 0
5 528 416 5 0
5 528 448 5 0
5 528 432 5 0
5 544 448 5 0
5 544 432 5 0
5 544 416 5 0
5 560 416 5 0
5 576 416 5 0
5 592 416 5 0
5 608 416 5 0
5 624 416 5 0
5 624 432 5 0
5 608 432 5 0
5 592 432 5 0
5 576 432 5 0
5 560 432 5 0
5 560 448 5 0
5 576 448 5 0
5 592 448 5 0
5 608 448 5 0
5 624 448 5 0
5 416 448 5 0
5 432 448 5 0
5 448 448 5 0
5 464 448 5 0
5 480 448 5 0
5 496 448 5 0
8 416 416 19 0
8 432 416 19 0
8 448 416 19 0
8 464 416 19 0
8 480 416 19 0
8 496 416 19 0
2 416 432 2 0
2 640 368 2 0
2 656 368 2 0
3 672 352 4 0
3 672 336 4 0
3 672 368 4 0
3 672 384 4 0
3 672 416 4 0
3 672 400 4 0
3 672 432 4 0
3 672 448 4 0
1 672 320 1 0
2 688 320 2 0
2 704 320 2 0
2 720 320 2 0
2 736 320 2 0
1 752 288 1 0
3 752 304 4 0
3 752 320 4 0
3 752 336 4 0
3 752 352 4 0
3 752 368 4 0
3 752 384 4 0
3 752 400 4 0
3 752 416 4 0
3 752 432 4 0
3 752 448 4 0
2 768 288 2 0
2 784 288 2 0
2 800 288 2 0
2 816 288 2 0
2 832 288 2 0
2 848 288 2 0
2 864 288 2 0
2 880 288 2 0
2 896 288 2 0
2 912 288 2 0
2 928 288 2 0
2 960 288 2 0
2 944 288 2 0
1 976 288 3 0
3 976 304 6 0
3 976 320 6 0
3 976 336 6 0
3 976 352 6 0
3 976 368 6 0
3 976 384 6 0
3 976 400 6 0
3 976 416 6 0
3 976 432 6 0
3 976 448 6 0
2 992 336 2 0
2 1008 336 2 0
2 1024 336 2 0
2 1040 336 2 0
2 1056 336 2 0
2 1072 336 2 0
3 1088 368 6 0
3 1088 400 6 0
3 1088 384 6 0
3 1088 416 6 0
3 1088 432 6 0
3 1088 448 6 0
3 1088 320 4 0
3 1088 304 4 0
1 1088 288 1 0
3 1088 336 4 0
3 1088 352 6 0
1 1088 336 3 0
2 1104 288 2 0
2 1120 288 2 0
2 1136 288 2 0
2 1152 288 2 0
2 1168 288 2 0
2 1184 288 2 0
2 1200 288 2 0
2 1216 288 2 0
2 1232 288 2 0
2 1248 288 2 0
2 1264 288 2 0
2 1280 288 2 0
1 1296 288 3 0
3 1296 304 6 0
3 1296 320 6 0
3 1296 336 6 0
3 1296 352 6 0
3 1296 368 6 0
3 1296 384 6 0
3 1296 400 6 0
3 1296 416 6 0
3 1296 432 6 0
3 1296 448 6 0
8 992 320 19 0
8 1008 320 19 0
8 1024 320 19 0
8 1040 320 19 0
8 1056 320 19 0
8 1072 320 19 0
5 640 384 5 0
5 656 384 5 0
5 656 400 5 0
5 640 400 5 0
5 640 416 5 0
5 656 432 5 0
5 656 416 5 0
5 640 432 5 0
5 640 448 5 0
5 656 448 5 0
5 688 448 5 0
5 688 432 5 0
5 688 416 5 0
5 688 416 5 0
5 688 400 5 0
5 688 384 5 0
5 688 368 5 0
5 688 352 5 0
5 688 336 5 0
5 704 336 5 0
5 720 336 5 0
5 736 336 5 0
5 736 352 5 0
5 720 352 5 0
5 704 352 5 0
5 704 368 5 0
5 720 368 5 0
5 736 368 5 0
5 736 384 5 0
5 720 400 5 0
5 720 384 5 0
5 704 400 5 0
5 704 384 5 0
5 736 400 5 0
5 736 416 5 0
5 720 416 5 0
5 704 416 5 0
5 704 448 5 0
5 704 432 5 0
5 720 432 5 0
5 736 432 5 0
5 720 448 5 0
5 736 448 5 0
5 768 304 5 0
5 784 304 5 0
5 800 304 5 0
5 816 304 5 0
5 832 304 5 0
5 848 304 5 0
5 864 304 5 0
5 880 304 5 0
5 896 304 5 0
5 912 304 5 0
5 928 304 5 0
5 944 304 5 0
5 960 304 5 0
5 960 320 5 0
5 944 320 5 0
5 928 320 5 0
5 912 320 5 0
5 896 320 5 0
5 880 320 5 0
5 864 320 5 0
5 848 320 5 0
5 832 320 5 0
5 816 320 5 0
5 784 320 5 0
5 800 336 5 0
5 800 320 5 0
5 768 336 5 0
5 768 320 5 0
5 784 336 5 0
5 816 336 5 0
5 832 336 5 0
5 848 336 5 0
5 864 336 5 0
5 880 336 5 0
5 896 336 5 0
5 912 336 5 0
5 928 336 5 0
5 944 336 5 0
5 960 336 5 0
5 960 352 5 0
5 944 352 5 0
5 928 352 5 0
5 912 352 5 0
5 896 352 5 0
5 880 352 5 0
5 864 352 5 0
5 848 352 5 0
5 832 352 5 0
5 816 352 5 0
5 800 352 5 0
5 768 352 5 0
5 784 352 5 0
5 768 368 5 0
5 784 368 5 0
5 800 368 5 0
5 816 368 5 0
5 832 368 5 0
5 848 368 5 0
5 864 368 5 0
5 880 368 5 0
5 896 368 5 0
5 912 368 5 0
5 928 368 5 0
5 944 368 5 0
5 960 368 5 0
5 960 400 5 0
5 960 384 5 0
5 944 384 5 0
5 928 384 5 0
5 912 384 5 0
5 896 384 5 0
5 880 384 5 0
5 864 384 5 0
5 848 384 5 0
5 832 384 5 0
5 816 384 5 0
5 800 384 5 0
5 784 384 5 0
5 768 384 5 0
5 768 400 5 0
5 784 400 5 0
5 800 400 5 0
5 816 400 5 0
5 832 400 5 0
5 848 400 5 0
5 864 400 5 0
5 880 400 5 0
5 896 400 5 0
5 912 400 5 0
5 928 400 5 0
5 944 400 5 0
5 960 416 5 0
5 960 432 5 0
5 960 448 5 0
5 944 448 5 0
5 944 416 5 0
5 944 432 5 0
5 928 416 5 0
5 928 432 5 0
5 928 448 5 0
5 912 416 5 0
5 912 432 5 0
5 912 448 5 0
5 896 416 5 0
5 896 432 5 0
5 896 448 5 0
5 880 416 5 0
5 880 432 5 0
5 880 448 5 0
5 864 416 5 0
5 864 432 5 0
5 864 448 5 0
5 848 416 5 0
5 848 432 5 0
5 848 448 5 0
5 832 432 5 0
5 832 416 5 0
5 832 448 5 0
5 816 416 5 0
5 816 432 5 0
5 816 448 5 0
5 800 416 5 0
5 800 448 5 0
5 800 432 5 0
5 784 416 5 0
5 768 416 5 0
5 768 432 5 0
5 784 448 5 0
5 784 432 5 0
5 768 448 5 0
5 992 352 5 0
5 1008 352 5 0
5 1024 352 5 0
5 1040 352 5 0
5 1056 352 5 0
5 1072 352 5 0
5 1072 368 5 0
5 1056 368 5 0
5 1040 368 5 0
5 1024 368 5 0
5 1008 368 5 0
5 992 368 5 0
5 992 384 5 0
5 1008 384 5 0
5 1024 384 5 0
5 1040 384 5 0
5 1056 384 5 0
5 1072 384 5 0
5 1072 400 5 0
5 1056 400 5 0
5 1040 400 5 0
5 1024 400 5 0
5 1008 400 5 0
5 992 400 5 0
5 992 416 5 0
5 1008 416 5 0
5 1024 416 5 0
5 1040 416 5 0
5 1056 416 5 0
5 1072 416 5 0
5 1072 432 5 0
5 1056 432 5 0
5 1040 432 5 0
5 1024 432 5 0
5 1008 432 5 0
5 992 432 5 0
5 992 448 5 0
5 1008 448 5 0
5 1024 448 5 0
5 1040 448 5 0
5 1056 448 5 0
5 1072 448 5 0
5 1104 304 5 0
5 1104 320 5 0
5 1104 336 5 0
5 1104 352 5 0
5 1104 384 5 0
5 1104 368 5 0
5 1104 400 5 0
5 1104 416 5 0
5 1104 432 5 0
5 1104 448 5 0
5 1120 448 5 0
5 1120 416 5 0
5 1120 432 5 0
5 1120 400 5 0
5 1120 368 5 0
5 1120 384 5 0
5 1120 352 5 0
5 1120 336 5 0
5 1120 320 5 0
5 1120 304 5 0
5 1136 304 5 0
5 1136 320 5 0
5 1136 336 5 0
5 1136 352 5 0
5 1136 368 5 0
5 1136 384 5 0
5 1136 400 5 0
5 1152 416 5 0
5 1136 416 5 0
5 1136 432 5 0
5 1136 448 5 0
5 1152 448 5 0
5 1152 448 5 0
5 1152 432 5 0
5 1152 400 5 0
5 1152 384 5 0
5 1152 368 5 0
5 1152 336 5 0
5 1152 352 5 0
5 1152 320 5 0
5 1152 304 5 0
5 1168 304 5 0
5 1184 304 5 0
5 1200 304 5 0
5 1216 304 5 0
5 1232 304 5 0
5 1248 304 5 0
5 1264 304 5 0
5 1280 304 5 0
5 1280 320 5 0
5 1264 320 5 0
5 1248 320 5 0
5 1232 320 5 0
5 1216 320 5 0
5 1200 320 5 0
5 1184 320 5 0
5 1168 320 5 0
5 1168 336 5 0
5 1200 336 5 0
5 1184 336 5 0
5 1216 336 5 0
5 1232 336 5 0
5 1248 336 5 0
5 1264 352 5 0
5 1280 336 5 0
5 1264 336 5 0
5 1280 352 5 0
5 1248 352 5 0
5 1232 352 5 0
5 1216 352 5 0
5 1200 352 5 0
5 1184 352 5 0
5 1168 352 5 0
5 1168 368 5 0
5 1184 368 5 0
5 1200 368 5 0
5 1216 368 5 0
5 1232 368 5 0
5 1248 368 5 0
5 1264 368 5 0
5 1280 368 5 0
5 1280 384 5 0
5 1264 384 5 0
5 1248 384 5 0
5 1232 384 5 0
5 1216 384 5 0
5 1200 384 5 0
5 1184 384 5 0
5 1168 384 5 0
5 1168 400 5 0
5 1184 400 5 0
5 1200 400 5 0
5 1216 400 5 0
5 1232 400 5 0
5 1248 400 5 0
5 1264 400 5 0
5 1280 400 5 0
5 1280 416 5 0
5 1264 416 5 0
5 1248 416 5 0
5 1232 416 5 0
5 1216 416 5 0
5 1200 416 5 0
5 1184 432 5 0
5 1184 416 5 0
5 1168 416 5 0
5 1168 448 5 0
5 1168 432 5 0
5 1184 448 5 0
5 1200 448 5 0
5 1200 432 5 0
5 1216 432 5 0
5 1216 448 5 0
5 1232 448 5 0
5 1232 432 5 0
5 1248 432 5 0
5 1248 448 5 0
5 1264 448 5 0
5 1264 432 5 0
5 1280 432 5 0
5 1280 448 5 0
1 1312 304 1 0
3 1312 320 4 0
3 1312 336 4 0
3 1312 352 4 0
3 1312 368 4 0
3 1312 384 4 0
3 1312 400 4 0
3 1312 416 4 0
3 1312 432 4 0
3 1312 448 4 0
2 1328 304 2 0
2 1344 304 2 0
2 1360 304 2 0
2 1376 304 2 0
2 1392 304 2 0
2 1408 304 2 0
2 1424 304 2 0
2 1440 304 2 0
1 1456 304 3 0
3 1456 320 6 0
3 1456 336 6 0
3 1456 352 6 0
3 1456 368 6 0
3 1456 384 6 0
3 1456 400 6 0
3 1456 416 6 0
3 1456 432 6 0
3 1456 448 6 0
5 1328 320 5 0
5 1344 320 5 0
5 1360 320 5 0
5 1376 320 5 0
5 1392 320 5 0
5 1408 320 5 0
5 1424 320 5 0
5 1440 320 5 0
5 1440 336 5 0
5 1424 336 5 0
5 1408 336 5 0
5 1392 336 5 0
5 1376 336 5 0
5 1360 336 5 0
5 1344 336 5 0
5 1328 336 5 0
5 1328 352 5 0
5 1344 352 5 0
5 1360 352 5 0
5 1376 352 5 0
5 1392 352 5 0
5 1408 352 5 0
5 1424 352 5 0
5 1440 352 5 0
5 1440 368 5 0
5 1424 368 5 0
5 1408 368 5 0
5 1392 368 5 0
5 1376 368 5 0
5 1360 368 5 0
5 1344 368 5 0
5 1328 368 5 0
5 1328 384 5 0
5 1344 384 5 0
5 1360 384 5 0
5 1376 384 5 0
5 1392 384 5 0
5 1408 384 5 0
5 1424 384 5 0
5 1440 384 5 0
5 1440 400 5 0
5 1424 400 5 0
5 1408 400 5 0
5 1392 400 5 0
5 1376 400 5 0
5 1360 400 5 0
5 1344 400 5 0
5 1328 400 5 0
5 1328 416 5 0
5 1344 416 5 0
5 1360 416 5 0
5 1376 416 5 0
5 1408 416 5 0
5 1392 416 5 0
5 1440 432 5 0
5 1424 416 5 0
5 1440 416 5 0
5 1440 448 5 0
5 1424 432 5 0
5 1424 448 5 0
5 1408 432 5 0
5 1408 448 5 0
5 1392 432 5 0
5 1392 448 5 0
5 1376 432 5 0
5 1376 448 5 0
5 1360 432 5 0
5 1360 448 5 0
5 1344 432 5 0
5 1344 448 5 0
5 1328 432 5 0
5 1328 448 5 0
1 1472 256 1 0
3 1472 288 4 0
3 1472 272 4 0
3 1472 304 4 0
3 1472 320 4 0
3 1472 336 4 0
3 1472 352 4 0
3 1472 368 4 0
3 1472 400 4 0
3 1472 384 4 0
3 1472 416 4 0
3 1472 432 4 0
3 1472 448 4 0
2 1488 256 2 0
2 1504 256 2 0
1 1520 256 3 0
3 1520 272 6 0
3 1520 288 6 0
3 1520 304 6 0
3 1520 320 6 0
3 1520 336 6 0
3 1520 352 6 0
3 1520 368 6 0
3 1520 384 6 0
3 1520 400 6 0
3 1520 416 6 0
3 1520 432 6 0
3 1520 448 6 0
1 1536 224 1 0
3 1536 240 4 0
3 1536 256 4 0
3 1536 272 4 0
3 1536 288 4 0
3 1536 304 4 0
3 1536 320 4 0
3 1536 336 4 0
3 1536 352 4 0
3 1536 384 4 0
3 1536 368 4 0
3 1536 400 4 0
3 1536 416 4 0
3 1536 432 4 0
3 1536 448 4 0
2 1552 224 2 0
2 1568 224 2 0
2 1584 224 2 0
2 1600 224 2 0
2 1616 224 2 0
2 1632 224 2 0
2 1648 224 2 0
2 1664 224 2 0
2 1680 224 2 0
1 1696 224 3 0
3 1696 240 6 0
3 1696 256 6 0
3 1696 272 6 0
3 1696 288 6 0
3 1696 304 6 0
3 1696 320 6 0
3 1696 336 6 0
3 1696 352 6 0
3 1696 368 6 0
3 1696 384 6 0
2 1696 400 2 0
2 1712 400 2 0
2 1728 400 2 0
2 1744 400 2 0
2 1760 400 2 0
2 1776 400 2 0
2 1792 400 2 0
2 1808 400 2 0
2 1824 400 2 0
2 1840 400 2 0
2 1856 400 2 0
2 1872 400 2 0
2 1888 400 2 0
1 1904 384 1 0
3 1904 400 4 0
3 1904 416 4 0
3 1904 432 4 0
3 1904 448 4 0
3 1680 416 4 0
3 1680 432 4 0
3 1680 448 4 0
2 1920 384 2 0
2 1936 384 2 0
2 1952 384 2 0
2 1968 384 2 0
2 1984 384 2 0
2 2000 384 2 0
2 2016 384 2 0
2 2032 384 2 0
5 1488 288 5 0
5 1488 272 5 0
5 1504 272 5 0
5 1504 288 5 0
5 1488 304 5 0
5 1504 304 5 0
5 1504 320 5 0
5 1488 320 5 0
5 1504 336 5 0
5 1488 336 5 0
5 1488 352 5 0
5 1504 352 5 0
5 1504 368 5 0
5 1488 368 5 0
5 1488 384 5 0
5 1504 400 5 0
5 1504 384 5 0
5 1488 400 5 0
5 1488 416 5 0
5 1504 416 5 0
5 1504 432 5 0
5 1488 432 5 0
5 1488 448 5 0
5 1504 448 5 0
5 1552 240 5 0
5 1568 240 5 0
5 1584 240 5 0
5 1600 240 5 0
5 1616 240 5 0
5 1632 240 5 0
5 1648 240 5 0
5 1664 240 5 0
5 1680 256 5 0
5 1680 240 5 0
5 1680 272 5 0
5 1680 288 5 0
5 1680 304 5 0
5 1680 336 5 0
5 1680 320 5 0
5 1680 352 5 0
5 1680 368 5 0
5 1680 384 5 0
5 1664 400 5 0
5 1664 400 5 0
5 1664 384 5 0
5 1680 400 5 0
1 1680 400 1 0
5 1664 416 5 0
5 1664 432 5 0
5 1664 448 5 0
5 1648 448 5 0
5 1648 448 5 0
5 1632 448 5 0
5 1616 448 5 0
5 1600 448 5 0
5 1584 448 5 0
5 1568 448 5 0
5 1552 448 5 0
5 1552 432 5 0
5 1552 416 5 0
5 1552 400 5 0
5 1552 384 5 0
5 1552 368 5 0
5 1552 352 5 0
5 1552 336 5 0
5 1552 320 5 0
5 1552 304 5 0
5 1552 288 5 0
5 1552 272 5 0
5 1552 256 5 0
5 1584 256 5 0
5 1568 256 5 0
5 1600 256 5 0
5 1616 256 5 0
5 1632 256 5 0
5 1648 256 5 0
5 1664 256 5 0
5 1664 272 5 0
5 1664 304 5 0
5 1664 288 5 0
5 1664 320 5 0
5 1664 352 5 0
5 1664 336 5 0
5 1664 368 5 0
5 1648 432 5 0
5 1632 432 5 0
5 1616 432 5 0
5 1600 432 5 0
5 1584 432 5 0
5 1568 432 5 0
5 1568 416 5 0
5 1584 416 5 0
5 1600 416 5 0
5 1616 416 5 0
5 1632 416 5 0
5 1648 416 5 0
5 1648 400 5 0
5 1632 400 5 0
5 1616 400 5 0
5 1600 400 5 0
5 1584 400 5 0
5 1568 400 5 0
5 1584 384 5 0
5 1600 384 5 0
5 1616 384 5 0
5 1632 384 5 0
5 1648 384 5 0
5 1648 368 5 0
5 1632 368 5 0
5 1616 368 5 0
5 1600 368 5 0
5 1568 384 5 0
5 1568 368 5 0
5 1584 368 5 0
5 1568 352 5 0
5 1584 352 5 0
5 1600 352 5 0
5 1616 352 5 0
5 1632 352 5 0
5 1648 352 5 0
5 1648 336 5 0
5 1632 336 5 0
5 1616 336 5 0
5 1600 336 5 0
5 1584 336 5 0
5 1568 336 5 0
5 1568 320 5 0
5 1568 304 5 0
5 1568 288 5 0
5 1568 272 5 0
5 1584 272 5 0
5 1584 288 5 0
5 1584 304 5 0
5 1584 320 5 0
5 1600 320 5 0
5 1600 304 5 0
5 1600 288 5 0
5 1600 272 5 0
5 1616 272 5 0
5 1616 288 5 0
5 1616 304 5 0
5 1616 320 5 0
5 1632 320 5 0
5 1648 320 5 0
5 1648 304 5 0
5 1632 304 5 0
5 1648 288 5 0
5 1632 272 5 0
5 1648 272 5 0
5 1632 288 5 0
5 1696 416 5 0
5 1696 448 5 0
5 1696 432 5 0
5 1712 432 5 0
5 1712 416 5 0
5 1712 448 5 0
5 1728 448 5 0
5 1728 432 5 0
5 1728 416 5 0
5 1744 416 5 0
5 1744 432 5 0
5 1744 448 5 0
5 1760 448 5 0
5 1760 432 5 0
5 1760 416 5 0
5 1776 416 5 0
5 1776 432 5 0
5 1776 448 5 0
5 1792 448 5 0
5 1792 432 5 0
5 1792 416 5 0
5 1808 416 5 0
5 1808 432 5 0
5 1808 448 5 0
5 1824 448 5 0
5 1824 432 5 0
5 1824 416 5 0
5 1840 432 5 0
5 1840 416 5 0
5 1840 448 5 0
5 1856 448 5 0
5 1888 432 5 0
5 1856 416 5 0
5 1872 416 5 0
5 1888 416 5 0
5 1888 448 5 0
5 1872 448 5 0
5 1872 432 5 0
5 1856 432 5 0
5 1920 400 5 0
5 1920 416 5 0
5 1920 432 5 0
5 1920 448 5 0
5 1936 416 5 0
5 1936 400 5 0
5 1936 432 5 0
5 1936 448 5 0
5 1952 448 5 0
5 1952 432 5 0
5 1952 416 5 0
5 1952 400 5 0
5 1968 400 5 0
5 1968 416 5 0
5 1968 432 5 0
5 1968 448 5 0
5 1984 448 5 0
5 1984 432 5 0
5 1984 432 5 0
5 1984 416 5 0
5 1984 400 5 0
5 2000 400 5 0
5 2000 416 5 0
5 2000 448 5 0
5 2000 432 5 0
5 2016 448 5 0
5 2016 432 5 0
5 2016 416 5 0
5 2016 400 5 0
5 2032 400 5 0
5 2032 416 5 0
5 2032 432 5 0
5 2032 448 5 0
8 1712 384 19 0
8 1728 384 19 0
8 1744 384 19 0
8 1760 384 19 0
8 1776 384 19 0
8 1808 384 19 0
8 1792 384 19 0
8 1824 384 19 0
8 1840 384 19 0
8 1856 384 19 0
8 1872 384 19 0
8 1888 384 19 0
2 2112 336 2 0
2 2128 336 2 0
2 2144 336 2 0
2 2160 336 2 0
2 2176 336 2 0
1 2192 336 3 0
3 2192 352 6 0
3 2192 368 6 0
3 2192 400 6 0
3 2192 384 6 0
3 2192 416 6 0
3 2192 432 6 0
3 2192 448 6 0
1 2208 304 1 0
3 2208 336 4 0
3 2208 320 4 0
3 2208 352 4 0
3 2208 368 4 0
3 2208 384 4 0
3 2208 400 4 0
3 2208 416 4 0
3 2208 432 4 0
3 2208 448 4 0
2 2224 304 2 0
2 2240 304 2 0
2 2256 304 2 0
2 2272 304 2 0
2 2288 304 2 0
2 2304 304 2 0
2 2320 304 2 0
2 2336 304 2 0
2 2368 304 2 0
2 2352 304 2 0
2 2384 304 2 0
2 2432 304 2 0
2 2448 304 2 0
2 2400 304 2 0
2 2416 304 2 0
2 2464 304 2 0
2 2480 304 2 0
2 2496 304 2 0
1 2512 304 3 0
3 2512 320 6 0
3 2512 336 6 0
3 2512 352 6 0
3 2512 368 6 0
3 2512 400 6 0
3 2512 384 6 0
3 2512 416 6 0
3 2512 432 6 0
3 2512 448 6 0
2 2528 320 2 0
2 2544 320 2 0
2 2560 320 2 0
2 2576 320 2 0
2 2592 320 2 0
2 2608 320 2 0
2 2624 320 2 0
2 2640 320 2 0
1 2656 320 3 0
3 2656 336 6 0
3 2656 352 6 0
3 2656 368 6 0
3 2656 384 6 0
3 2656 400 6 0
3 2656 416 6 0
3 2656 432 6 0
3 2656 448 6 0
2 2672 384 2 0
2 2688 384 2 0
2 2704 384 2 0
2 2720 384 2 0
2 2736 384 2 0
2 2752 384 2 0
1 2768 320 1 0
3 2768 336 4 0
3 2768 352 4 0
3 2768 368 4 0
3 2768 384 4 0
3 2768 400 4 0
3 2768 416 4 0
3 2768 432 4 0
3 2768 448 4 0
2 2784 320 2 0
2 2800 320 2 0
2 2816 320 2 0
2 2832 320 2 0
2 2848 320 2 0
1 2864 304 1 0
3 2864 320 4 0
3 2864 336 4 0
3 2864 352 4 0
3 2864 368 4 0
3 2864 384 4 0
3 2864 400 4 0
3 2864 416 4 0
3 2864 432 4 0
3 2864 448 4 0
8 2672 368 19 0
8 2688 368 19 0
8 2704 368 19 0
8 2720 368 19 0
8 2736 368 19 0
8 2752 368 19 0
5 2096 352 5 0
5 2112 352 5 0
5 2128 352 5 0
5 2144 352 5 0
5 2160 352 5 0
5 2176 352 5 0
5 2176 384 5 0
5 2176 368 5 0
5 2176 400 5 0
5 2176 416 5 0
5 2176 432 5 0
5 2176 448 5 0
5 2160 448 5 0
5 2144 448 5 0
5 2128 448 5 0
5 2112 448 5 0
5 2096 448 5 0
5 2096 432 5 0
5 2096 416 5 0
5 2096 400 5 0
5 2096 384 5 0
5 2096 368 5 0
5 2112 368 5 0
5 2128 368 5 0
5 2144 368 5 0
5 2160 368 5 0
5 2160 384 5 0
5 2144 384 5 0
5 2112 384 5 0
5 2128 384 5 0
5 2112 400 5 0
5 2112 432 5 0
5 2112 416 5 0
5 2128 432 5 0
5 2144 432 5 0
5 2160 432 5 0
5 2160 416 5 0
5 2160 400 5 0
5 2144 400 5 0
5 2128 400 5 0
5 2128 416 5 0
5 2144 416 5 0
5 2224 320 5 0
5 2224 336 5 0
5 2224 352 5 0
5 2224 368 5 0
5 2224 384 5 0
5 2224 400 5 0
5 2224 416 5 0
5 2224 448 5 0
5 2224 432 5 0
5 2240 448 5 0
5 2240 448 5 0
5 2240 432 5 0
5 2240 416 5 0
5 2240 400 5 0
5 2240 384 5 0
5 2240 368 5 0
5 2240 352 5 0
5 2240 336 5 0
5 2240 320 5 0
5 2256 320 5 0
5 2256 336 5 0
5 2256 352 5 0
5 2256 368 5 0
5 2256 384 5 0
5 2256 400 5 0
5 2256 416 5 0
5 2256 432 5 0
5 2256 448 5 0
5 2288 448 5 0
5 2272 448 5 0
5 2304 448 5 0
5 2320 448 5 0
5 2336 448 5 0
5 2352 448 5 0
5 2368 448 5 0
5 2384 448 5 0
5 2400 448 5 0
5 2416 448 5 0
5 2432 448 5 0
5 2448 448 5 0
5 2464 448 5 0
5 2480 448 5 0
5 2496 448 5 0
5 2496 432 5 0
5 2496 416 5 0
5 2496 400 5 0
5 2496 384 5 0
5 2496 368 5 0
5 2496 352 5 0
5 2496 336 5 0
5 2496 320 5 0
5 2480 320 5 0
5 2480 336 5 0
5 2480 352 5 0
5 2480 368 5 0
5 2480 384 5 0
5 2480 400 5 0
5 2480 416 5 0
5 2480 432 5 0
5 2464 432 5 0
5 2448 432 5 0
5 2432 432 5 0
5 2416 432 5 0
5 2400 432 5 0
5 2384 432 5 0
5 2368 432 5 0
5 2352 432 5 0
5 2336 432 5 0
5 2320 432 5 0
5 2304 432 5 0
5 2288 432 5 0
5 2272 432 5 0
5 2272 416 5 0
5 2272 400 5 0
5 2272 384 5 0
5 2272 368 5 0
5 2272 352 5 0
5 2272 336 5 0
5 2272 320 5 0
5 2288 320 5 0
5 2288 336 5 0
5 2288 352 5 0
5 2288 368 5 0
5 2288 400 5 0
5 2288 384 5 0
5 2288 416 5 0
5 2304 416 5 0
5 2304 400 5 0
5 2304 384 5 0
5 2304 368 5 0
5 2304 336 5 0
5 2304 352 5 0
5 2304 320 5 0
5 2320 320 5 0
5 2320 336 5 0
5 2320 368 5 0
5 2320 352 5 0
5 2320 400 5 0
5 2320 384 5 0
5 2320 416 5 0
5 2336 416 5 0
5 2336 400 5 0
5 2336 384 5 0
5 2336 368 5 0
5 2336 352 5 0
5 2336 320 5 0
5 2336 336 5 0
5 2352 336 5 0
5 2352 320 5 0
5 2368 320 5 0
5 2384 320 5 0
5 2400 320 5 0
5 2416 320 5 0
5 2432 320 5 0
5 2448 320 5 0
5 2464 320 5 0
5 2464 336 5 0
5 2448 336 5 0
5 2432 336 5 0
5 2416 336 5 0
5 2400 336 5 0
5 2384 336 5 0
5 2368 336 5 0
5 2352 352 5 0
5 2352 368 5 0
5 2352 400 5 0
5 2352 384 5 0
5 2352 416 5 0
5 2368 416 5 0
5 2368 400 5 0
5 2368 384 5 0
5 2368 368 5 0
5 2368 352 5 0
5 2384 352 5 0
5 2400 352 5 0
5 2416 352 5 0
5 2432 352 5 0
5 2448 352 5 0
5 2464 352 5 0
5 2464 384 5 0
5 2464 368 5 0
5 2464 416 5 0
5 2464 400 5 0
5 2448 416 5 0
5 2432 416 5 0
5 2416 416 5 0
5 2400 416 5 0
5 2384 416 5 0
5 2384 384 5 0
5 2384 400 5 0
5 2384 368 5 0
5 2400 368 5 0
5 2416 368 5 0
5 2432 368 5 0
5 2448 368 5 0
5 2448 400 5 0
5 2448 384 5 0
5 2432 384 5 0
5 2432 400 5 0
5 2416 400 5 0
5 2400 400 5 0
5 2400 384 5 0
5 2432 384 5 0
5 2416 384 5 0
5 2528 336 5 0
5 2528 352 5 0
5 2528 368 5 0
5 2528 384 5 0
5 2528 400 5 0
5 2528 432 5 0
5 2528 416 5 0
5 2528 448 5 0
5 2544 448 5 0
5 2560 448 5 0
5 2576 448 5 0
5 2592 448 5 0
5 2608 448 5 0
5 2624 448 5 0
5 2640 448 5 0
5 2544 336 5 0
5 2544 368 5 0
5 2544 352 5 0
5 2544 384 5 0
5 2544 400 5 0
5 2544 432 5 0
5 2544 416 5 0
5 2560 432 5 0
5 2560 416 5 0
5 2560 400 5 0
5 2560 384 5 0
5 2560 368 5 0
5 2560 352 5 0
5 2560 336 5 0
5 2576 336 5 0
5 2576 352 5 0
5 2576 368 5 0
5 2576 400 5 0
5 2576 384 5 0
5 2576 416 5 0
5 2576 432 5 0
5 2592 432 5 0
5 2592 416 5 0
5 2592 400 5 0
5 2592 368 5 0
5 2592 384 5 0
5 2592 352 5 0
5 2592 336 5 0
5 2608 336 5 0
5 2624 336 5 0
5 2640 336 5 0
5 2640 352 5 0
5 2624 352 5 0
5 2608 352 5 0
5 2608 368 5 0
5 2624 368 5 0
5 2640 368 5 0
5 2640 384 5 0
5 2624 384 5 0
5 2608 384 5 0
5 2608 400 5 0
5 2624 400 5 0
5 2640 400 5 0
5 2640 432 5 0
5 2640 416 5 0
5 2624 416 5 0
5 2624 432 5 0
5 2608 432 5 0
5 2608 416 5 0
5 2672 400 5 0
5 2688 400 5 0
5 2704 400 5 0
5 2720 400 5 0
5 2736 400 5 0
5 2752 400 5 0
5 2752 416 5 0
5 2752 448 5 0
5 2752 432 5 0
5 2736 448 5 0
5 2720 448 5 0
5 2704 448 5 0
5 2688 448 5 0
5 2672 448 5 0
5 2672 432 5 0
5 2672 416 5 0
5 2688 416 5 0
5 2688 432 5 0
5 2704 416 5 0
5 2704 432 5 0
5 2720 416 5 0
5 2720 432 5 0
5 2736 432 5 0
5 2736 416 5 0
5 2800 336 5 0
5 2816 336 5 0
5 2832 336 5 0
5 2848 336 5 0
5 2848 352 5 0
5 2848 368 5 0
5 2848 384 5 0
5 2848 400 5 0
5 2848 416 5 0
5 2848 432 5 0
5 2848 448 5 0
5 2832 448 5 0
5 2816 448 5 0
5 2800 448 5 0
5 2784 448 5 0
5 2784 432 5 0
5 2784 416 5 0
5 2784 400 5 0
5 2784 384 5 0
5 2784 368 5 0
5 2784 336 5 0
5 2784 352 5 0
5 2816 352 5 0
5 2800 352 5 0
5 2832 352 5 0
5 2832 368 5 0
5 2800 384 5 0
5 2800 368 5 0
5 2816 368 5 0
5 2816 384 5 0
5 2832 384 5 0
5 2832 400 5 0
5 2816 400 5 0
5 2800 400 5 0
5 2800 416 5 0
5 2800 432 5 0
5 2816 432 5 0
5 2832 432 5 0
5 2832 416 5 0
5 2816 416 5 0
1 2096 336 1 0
2 2048 352 1 0
3 2048 368 4 0
3 2048 384 4 0
3 2048 400 4 0
3 2048 416 4 0
3 2048 448 4 0
3 2048 432 4 0
2 2064 352 2 0
2 2080 352 2 0
5 2064 368 5 0
5 2080 368 5 0
5 2064 384 5 0
5 2080 400 5 0
5 2080 384 5 0
5 2064 400 5 0
5 2064 416 5 0
5 2080 432 5 0
5 2080 416 5 0
5 2064 432 5 0
5 2064 448 5 0
5 2080 448 5 0
2 2880 304 2 0
2 2896 304 2 0
2 2912 304 2 0
2 2928 304 2 0
2 2944 304 2 0
2 2960 304 2 0
2 2976 304 2 0
2 2992 304 2 0
2 3008 304 2 0
2 3024 304 2 0
2 3040 304 2 0
2 3056 304 2 0
2 3072 304 2 0
1 3088 304 3 0
3 3088 320 6 0
3 3088 336 6 0
3 3088 352 6 0
3 3088 368 6 0
3 3088 384 6 0
3 3088 400 6 0
3 3088 416 6 0
3 3088 432 6 0
3 3088 448 6 0
2 3104 352 2 0
2 3120 352 2 0
2 3136 352 2 0
2 3152 352 2 0
2 3168 352 2 0
2 3184 352 2 0
2 3200 352 2 0
2 3216 352 2 0
2 3232 352 2 0
2 3248 352 2 0
2 3264 352 2 0
2 3280 352 2 0
2 3312 352 2 0
2 3296 352 2 0
2 3328 352 2 0
2 3344 352 2 0
2 3360 352 2 0
2 3376 352 2 0
2 3392 352 2 0
1 3408 352 3 0
3 3408 368 6 0
3 3408 384 6 0
3 3408 400 6 0
3 3408 416 6 0
3 3408 432 6 0
3 3408 448 6 0
2 3424 400 2 0
2 3440 400 2 0
2 3456 400 2 0
2 3472 400 2 0
2 3488 400 2 0
2 3504 400 2 0
1 3520 352 1 0
3 3520 368 4 0
3 3520 384 4 0
3 3520 400 4 0
3 3520 416 4 0
3 3520 432 4 0
3 3520 448 4 0
2 3536 352 2 0
2 3552 352 2 0
2 3568 352 2 0
2 3584 352 2 0
2 3600 352 2 0
2 3616 352 2 0
2 3632 352 2 0
2 3648 352 2 0
2 3664 352 2 0
2 3680 352 2 0
2 3696 352 2 0
2 3728 352 2 0
2 3712 352 2 0
2 3744 352 2 0
2 3760 352 2 0
8 3424 384 19 0
8 3440 384 19 0
8 3456 384 19 0
8 3472 384 19 0
8 3488 384 19 0
8 3504 384 19 0
5 2880 320 5 0
5 2880 336 5 0
5 2880 352 5 0
5 2880 368 5 0
5 2880 384 5 0
5 2880 400 5 0
5 2880 416 5 0
5 2880 448 5 0
5 2896 448 5 0
5 2912 448 5 0
5 2928 448 5 0
5 2944 448 5 0
5 2960 448 5 0
5 2976 448 5 0
5 2992 448 5 0
5 3008 448 5 0
5 3024 448 5 0
5 3040 448 5 0
5 3056 448 5 0
5 3072 448 5 0
5 3072 432 5 0
5 3072 416 5 0
5 3072 400 5 0
5 3072 368 5 0
5 3072 384 5 0
5 3072 352 5 0
5 3072 336 5 0
5 3072 320 5 0
5 3056 320 5 0
5 3040 320 5 0
5 3024 320 5 0
5 3008 320 5 0
5 2992 320 5 0
5 2960 320 5 0
5 2976 320 5 0
5 2944 320 5 0
5 2912 320 5 0
5 2928 320 5 0
5 2896 320 5 0
5 2896 336 5 0
5 2896 352 5 0
5 2896 368 5 0
5 2896 384 5 0
5 2896 400 5 0
5 2880 432 5 0
5 2896 416 5 0
5 2896 432 5 0
5 2912 432 5 0
5 2928 432 5 0
5 2944 432 5 0
5 2960 432 5 0
5 2976 432 5 0
5 2992 432 5 0
5 3008 432 5 0
5 3024 432 5 0
5 3040 432 5 0
5 3056 432 5 0
5 3056 416 5 0
5 3056 400 5 0
5 3056 384 5 0
5 3056 352 5 0
5 3056 368 5 0
5 3056 336 5 0
5 3040 336 5 0
5 3040 352 5 0
5 3040 368 5 0
5 3040 384 5 0
5 3040 400 5 0
5 3040 416 5 0
5 3024 416 5 0
5 3008 416 5 0
5 2992 416 5 0
5 2976 416 5 0
5 2960 416 5 0
5 2944 416 5 0
5 2928 416 5 0
5 2912 416 5 0
5 2912 400 5 0
5 2912 384 5 0
5 2912 368 5 0
5 2912 352 5 0
5 2912 336 5 0
5 2928 336 5 0
5 2928 352 5 0
5 2928 368 5 0
5 2928 384 5 0
5 2928 400 5 0
5 2944 400 5 0
5 2960 400 5 0
5 2976 400 5 0
5 2992 400 5 0
5 3008 400 5 0
5 3024 400 5 0
5 3024 384 5 0
5 3024 368 5 0
5 3024 352 5 0
5 3024 336 5 0
5 3008 336 5 0
5 3008 352 5 0
5 3008 368 5 0
5 3008 384 5 0
5 2992 384 5 0
5 2976 384 5 0
5 2960 384 5 0
5 2944 384 5 0
5 2944 368 5 0
5 2944 352 5 0
5 2944 336 5 0
5 2960 336 5 0
5 2960 352 5 0
5 2960 368 5 0
5 2976 368 5 0
5 2976 336 5 0
5 2976 352 5 0
5 2992 352 5 0
5 2992 336 5 0
5 2992 368 5 0
5 3104 368 5 0
5 3104 384 5 0
5 3104 400 5 0
5 3104 416 5 0
5 3104 448 5 0
5 3104 432 5 0
5 3120 448 5 0
5 3136 448 5 0
5 3152 448 5 0
5 3168 448 5 0
5 3184 448 5 0
5 3200 448 5 0
5 3216 448 5 0
5 3232 448 5 0
5 3248 448 5 0
5 3264 448 5 0
5 3280 448 5 0
5 3296 448 5 0
5 3312 448 5 0
5 3328 448 5 0
5 3344 448 5 0
5 3360 448 5 0
5 3376 448 5 0
5 3392 448 5 0
5 3392 432 5 0
5 3392 416 5 0
5 3392 400 5 0
5 3392 384 5 0
5 3392 368 5 0
5 3376 368 5 0
5 3376 384 5 0
5 3376 400 5 0
5 3376 416 5 0
5 3376 432 5 0
5 3360 432 5 0
5 3360 416 5 0
5 3360 400 5 0
5 3360 384 5 0
5 3360 368 5 0
5 3344 368 5 0
5 3344 384 5 0
5 3344 400 5 0
5 3344 416 5 0
5 3344 432 5 0
5 3328 432 5 0
5 3312 432 5 0
5 3296 432 5 0
5 3280 432 5 0
5 3264 432 5 0
5 3248 432 5 0
5 3216 432 5 0
5 3232 432 5 0
5 3200 432 5 0
5 3184 432 5 0
5 3168 432 5 0
5 3152 432 5 0
5 3136 432 5 0
5 3120 432 5 0
5 3120 416 5 0
5 3120 400 5 0
5 3120 384 5 0
5 3120 368 5 0
5 3136 368 5 0
5 3136 384 5 0
5 3136 400 5 0
5 3136 416 5 0
5 3152 416 5 0
5 3168 416 5 0
5 3200 416 5 0
5 3184 416 5 0
5 3216 416 5 0
5 3232 416 5 0
5 3248 416 5 0
5 3280 416 5 0
5 3296 416 5 0
5 3312 416 5 0
5 3328 416 5 0
5 3328 416 5 0
5 3328 400 5 0
5 3328 384 5 0
5 3328 368 5 0
5 3312 368 5 0
5 3312 384 5 0
5 3312 400 5 0
5 3296 400 5 0
5 3280 400 5 0
5 3264 400 5 0
5 3264 416 5 0
5 3248 400 5 0
5 3232 400 5 0
5 3216 400 5 0
5 3200 400 5 0
5 3184 400 5 0
5 3168 400 5 0
5 3152 384 5 0
5 3152 400 5 0
5 3152 368 5 0
5 3168 368 5 0
5 3168 384 5 0
5 3184 384 5 0
5 3200 384 5 0
5 3216 384 5 0
5 3232 384 5 0
5 3248 384 5 0
5 3264 384 5 0
5 3280 384 5 0
5 3296 384 5 0
5 3296 368 5 0
5 3280 368 5 0
5 3264 368 5 0
5 3248 368 5 0
5 3232 368 5 0
5 3216 368 5 0
5 3200 368 5 0
5 3184 368 5 0
5 3424 416 5 0
5 3424 432 5 0
5 3424 448 5 0
5 3440 448 5 0
5 3456 448 5 0
5 3472 448 5 0
5 3488 448 5 0
5 3504 448 5 0
5 3504 432 5 0
5 3504 416 5 0
5 3488 416 5 0
5 3488 432 5 0
5 3472 432 5 0
5 3456 432 5 0
5 3440 432 5 0
5 3440 416 5 0
5 3456 416 5 0
5 3472 416 5 0
5 3536 384 5 0
5 3536 368 5 0
5 3536 400 5 0
5 3536 416 5 0
5 3536 432 5 0
5 3536 448 5 0
5 3552 448 5 0
5 3568 448 5 0
5 3584 448 5 0
5 3600 448 5 0
5 3616 448 5 0
5 3632 448 5 0
5 3648 448 5 0
5 3664 448 5 0
5 3680 448 5 0
5 3696 448 5 0
5 3712 448 5 0
5 3728 448 5 0
5 3744 448 5 0
5 3760 448 5 0
5 3760 368 5 0
5 3760 384 5 0
5 3760 400 5 0
5 3760 416 5 0
5 3760 432 5 0
5 3744 368 5 0
5 3744 384 5 0
5 3744 400 5 0
5 3744 416 5 0
5 3744 432 5 0
5 3728 432 5 0
5 3712 432 5 0
5 3696 432 5 0
5 3680 432 5 0
5 3664 432 5 0
5 3648 432 5 0
5 3632 432 5 0
5 3616 432 5 0
5 3584 432 5 0
5 3600 432 5 0
5 3568 432 5 0
5 3552 432 5 0
5 3552 416 5 0
5 3552 400 5 0
5 3552 384 5 0
5 3552 368 5 0
5 3568 368 5 0
5 3568 384 5 0
5 3568 400 5 0
5 3568 416 5 0
5 3584 416 5 0
5 3600 416 5 0
5 3616 416 5 0
5 3632 416 5 0
5 3648 416 5 0
5 3664 416 5 0
5 3680 416 5 0
5 3696 416 5 0
5 3712 416 5 0
5 3728 416 5 0
5 3728 400 5 0
5 3728 384 5 0
5 3728 368 5 0
5 3712 368 5 0
5 3712 384 5 0
5 3712 400 5 0
5 3696 400 5 0
5 3680 400 5 0
5 3664 400 5 0
5 3648 400 5 0
5 3632 400 5 0
5 3616 400 5 0
5 3600 400 5 0
5 3584 400 5 0
5 3584 384 5 0
5 3584 368 5 0
5 3600 368 5 0
5 3600 384 5 0
5 3632 384 5 0
5 3664 384 5 0
5 3680 384 5 0
5 3696 384 5 0
5 3696 368 5 0
5 3680 368 5 0
5 3648 368 5 0
5 3664 368 5 0
5 3648 384 5 0
5 3632 368 5 0
5 3616 368 5 0
5 3616 384 5 0
5 208 352 45 0
5 224 352 46 0
5 240 352 46 0
5 256 352 46 0
5 272 352 46 0
5 288 352 46 0
5 304 352 46 0
5 320 352 47 0
5 48 352 48 0
5 544 352 45 0
5 560 352 46 0
5 576 352 46 0
5 608 352 47 0
5 592 352 49 0
2 544 368 2 0
5 848 272 45 0
5 864 272 46 0
5 880 272 46 0
5 896 272 46 0
5 912 272 46 0
5 928 272 46 0
5 944 272 47 0
5 1120 272 48 0
5 1248 272 45 0
5 1264 272 46 0
5 1280 272 47 0
5 1504 240 48 0
5 1568 208 45 0
5 1584 208 46 0
5 1632 208 46 0
5 1648 208 46 0
5 1664 208 47 0
5 1600 208 49 0
5 1616 208 49 0
5 1936 368 45 0
5 1952 368 46 0
5 1968 368 46 0
5 1984 368 47 0
5 2080 336 48 0
5 2240 288 45 0
5 2256 288 46 0
5 2288 288 46 0
5 2304 288 46 0
5 2320 288 46 0
5 2368 288 46 0
5 2400 288 46 0
5 2416 288 47 0
5 2384 288 49 0
5 2352 288 49 0
5 2336 288 49 0
5 2272 288 49 0
5 2608 304 45 0
5 2624 304 46 0
5 2640 304 47 0
5 2848 304 48 0
5 2784 304 48 0
5 2928 288 45 0
5 2944 288 46 0
5 2992 288 46 0
5 3024 288 46 0
5 3040 288 47 0
5 3008 288 49 0
5 2976 288 49 0
5 2960 288 49 0
5 3200 336 45 0
5 3216 336 46 0
5 3248 336 46 0
5 3296 336 46 0
5 3328 336 46 0
5 3360 336 46 0
5 3344 336 46 0
5 3392 336 47 0
5 3376 336 49 0
5 3312 336 49 0
5 3280 336 49 0
5 3264 336 49 0
5 3232 336 49 0
5 3680 336 45 0
5 3696 336 46 0
5 3744 336 46 0
5 3760 336 46 0
5 3728 336 49 0
5 3712 336 49 0
