0 150 240 0 0
2 0 368 2 0
2 16 368 2 0
2 32 368 2 0
2 48 368 2 0
2 64 368 2 0
2 80 368 2 0
2 96 368 2 0
2 112 368 2 0
2 128 368 2 0
2 144 368 2 0
2 160 368 2 0
2 176 368 2 0
2 192 368 2 0
2 208 368 2 0
2 224 368 2 0
2 240 368 2 0
2 256 368 2 0
2 272 368 2 0
2 288 368 2 0
2 304 368 2 0
2 320 368 2 0
2 336 368 2 0
2 352 368 2 0
2 368 368 2 0
2 384 368 2 0
2 400 368 2 0
2 416 368 2 0
2 432 368 2 0
2 448 368 2 0
1 464 368 3 0
3 464 384 6 0
3 464 400 6 0
3 464 416 6 0
3 464 432 6 0
3 464 448 6 0
1 576 368 1 0
3 576 384 4 0
3 576 400 4 0
3 576 416 4 0
3 576 432 4 0
3 576 448 4 0
2 592 368 2 0
2 608 368 2 0
2 624 368 2 0
2 640 368 2 0
2 656 368 2 0
2 672 368 2 0
2 688 368 2 0
2 704 368 2 0
2 720 368 2 0
1 736 368 3 0
1 512 320 7 0
1 512 304 1 0
2 528 304 2 0
2 544 304 2 0
1 560 272 1 0
3 560 288 4 0
2 576 272 2 0
1 608 272 3 0
3 608 288 9 0
3 592 288 8 0
3 576 288 8 0
3 544 320 8 0
3 528 320 8 0
3 560 304 6 0
3 560 320 9 0
5 0 384 5 0
5 0 400 5 0
5 0 416 5 0
5 0 432 5 0
5 0 448 5 0
3 736 384 6 0
3 736 400 6 0
3 736 416 6 0
3 736 432 6 0
3 736 448 6 0
3 672 272 7 0
1 672 256 1 0
2 688 256 2 0
2 704 256 2 0
2 720 256 2 0
2 736 256 2 0
3 752 240 4 0
3 752 224 4 0
1 752 208 1 0
2 768 208 2 0
2 784 208 2 0
2 800 208 2 0
2 816 208 2 0
2 832 208 2 0
2 848 208 2 0
2 864 208 2 0
2 880 208 2 0
2 896 208 2 0
2 912 208 2 0
1 928 208 3 0
3 688 272 8 0
3 704 272 8 0
3 720 272 8 0
3 736 272 8 0
3 768 272 8 0
3 784 272 8 0
3 800 272 8 0
3 816 272 8 0
3 832 272 8 0
3 848 272 8 0
3 864 272 8 0
3 880 272 8 0
3 896 272 8 0
3 912 272 8 0
3 928 272 9 0
3 928 224 6 0
3 928 240 6 0
3 928 256 6 0
1 1072 208 1 0
3 1072 224 4 0
3 1072 240 4 0
3 1072 256 7 0
3 1088 256 8 0
3 1104 256 8 0
3 1120 256 8 0
3 1136 256 8 0
3 1152 272 4 0
3 1152 288 4 0
3 1152 304 4 0
3 1152 320 4 0
3 1152 336 4 0
3 1152 352 4 0
3 1152 368 7 0
3 1168 368 8 0
3 1184 368 8 0
3 1200 368 8 0
3 1216 368 8 0
3 1232 368 8 0
3 1248 368 8 0
3 1264 368 8 0
3 1280 368 8 0
3 1296 368 9 0
3 1296 352 6 0
3 1296 336 6 0
3 1296 320 6 0
3 1296 304 6 0
3 1296 288 6 0
3 1296 272 6 0
3 1296 256 6 0
3 1296 240 6 0
3 1296 224 6 0
1 1296 208 3 0
2 1280 208 2 0
2 1264 208 2 0
2 1248 208 2 0
2 1232 208 2 0
2 1216 208 2 0
2 1200 208 2 0
2 1184 208 2 0
2 1168 208 2 0
2 1152 208 2 0
2 1136 208 2 0
2 1120 208 2 0
2 1104 208 2 0
2 1088 208 2 0
1 896 432 1 0
2 912 432 2 0
2 928 432 2 0
2 944 432 2 0
2 960 432 2 0
2 976 432 2 0
3 896 448 4 0
2 992 432 2 0
2 1008 432 2 0
2 1024 432 2 0
2 1040 432 2 0
2 1056 432 2 0
2 1072 432 2 0
2 1088 432 2 0
2 1104 432 2 0
2 1120 432 2 0
2 1136 432 2 0
2 1152 432 2 0
2 1168 432 2 0
2 1184 432 2 0
2 1200 432 2 0
2 1216 432 2 0
2 1232 432 2 0
2 1248 432 2 0
2 1264 432 2 0
2 1280 432 2 0
2 1296 432 2 0
2 1312 432 2 0
2 1328 432 2 0
2 1344 432 2 0
2 1360 432 2 0
2 1376 432 2 0
2 1392 432 2 0
2 1408 432 2 0
2 1424 432 2 0
1 1440 432 3 0
3 1440 448 6 0
1 1456 384 1 0
1 1520 352 1 0
1 1568 336 1 0
1 1616 288 1 0
1 1664 272 1 0
1 1760 240 1 0
3 1456 416 4 0
3 1456 400 4 0
3 1456 432 4 0
3 1456 448 4 0
3 1520 368 4 0
3 1616 304 4 0
3 1616 320 4 0
3 1760 256 4 0
2 1472 384 2 0
2 1488 384 2 0
2 1504 384 2 0
2 1536 352 2 0
2 1552 352 2 0
2 1584 336 2 0
2 1600 336 2 0
2 1632 288 2 0
2 1648 288 2 0
2 1680 272 2 0
2 1696 272 2 0
2 1712 272 2 0
2 1728 272 2 0
2 1744 272 2 0
2 1776 240 2 0
2 1792 240 2 0
2 1808 240 2 0
2 1824 240 2 0
2 1840 240 2 0
2 1856 240 2 0
2 1872 240 2 0
2 1888 240 2 0
2 1904 240 2 0
2 1920 240 2 0
2 1936 240 2 0
2 1952 240 2 0
2 1968 240 2 0
2 1984 240 2 0
2 2000 240 2 0
2 2016 240 2 0
2 2032 240 2 0
1 2048 240 3 0
1 2128 240 1 0
2 2144 240 2 0
2 2160 240 2 0
2 2176 240 2 0
3 2176 192 7 0
1 2176 176 1 0
2 2192 176 2 0
1 2208 176 3 0
3 2208 192 9 0
8 2192 192 8 0
2 2192 240 2 0
2 2208 240 2 0
2 2224 240 2 0
2 2240 240 2 0
2 2256 240 2 0
2 2272 240 2 0
2 2288 240 2 0
2 2304 240 2 0
2 2320 240 2 0
2 2336 240 2 0
2 2352 240 2 0
2 2368 240 2 0
3 2384 224 4 0
1 2384 192 1 0
3 2384 208 4 0
2 2400 192 2 0
2 2416 192 2 0
2 2432 192 2 0
2 2448 192 2 0
2 2464 192 2 0
2 2480 192 2 0
2 2496 192 2 0
2 2512 192 2 0
1 2528 192 3 0
3 2528 208 6 0
3 2528 224 6 0
3 2528 240 6 0
3 2528 256 6 0
3 2528 272 6 0
3 2528 288 6 0
3 2528 304 6 0
3 2528 320 6 0
3 2528 336 6 0
3 2528 352 6 0
3 2528 368 6 0
3 2528 384 6 0
3 2528 400 6 0
3 2528 416 6 0
3 2528 432 6 0
3 2528 448 6 0
1 2608 192 1 0
3 2608 208 4 0
3 2608 224 4 0
3 2608 240 4 0
3 2608 256 4 0
3 2608 272 4 0
3 2608 288 4 0
3 2608 304 4 0
3 2608 320 4 0
3 2608 336 4 0
3 2608 352 4 0
3 2608 368 4 0
3 2608 384 4 0
3 2608 416 4 0
3 2608 400 4 0
3 2608 432 4 0
3 2608 448 4 0
2 2544 224 2 0
2 2560 224 2 0
2 2576 224 2 0
2 2592 224 2 0
8 2544 208 19 0
8 2560 208 19 0
8 2576 208 19 0
8 2592 208 19 0
2 2624 192 2 0
2 2640 192 2 0
2 2656 192 2 0
2 2672 192 2 0
2 2688 192 2 0
2 2704 192 2 0
2 2720 192 2 0
2 2736 192 2 0
2 2752 192 2 0
2 2768 192 2 0
2 2784 192 2 0
2 2800 192 2 0
2 2816 192 2 0
1 3024 192 1 0
2 3040 192 2 0
2 3056 192 2 0
2 3072 192 2 0
2 3088 192 2 0
2 3104 192 2 0
2 3120 192 2 0
2 3136 192 2 0
2 3152 192 2 0
2 3168 192 2 0
2 3184 192 2 0
2 3200 192 2 0
2 3232 192 2 0
2 3248 192 2 0
2 3264 192 2 0
2 3280 192 2 0
2 3296 192 2 0
2 3312 192 2 0
2 3328 192 2 0
2 3344 192 2 0
3 3088 304 7 0
3 3136 336 7 0
3 3200 352 7 0
3 3248 368 7 0
3 3312 384 7 0
3 3104 304 8 0
3 3120 304 8 0
3 3152 336 8 0
3 3168 336 8 0
3 3184 336 8 0
3 3216 352 8 0
3 3232 352 8 0
3 3264 368 8 0
3 3280 368 8 0
3 3296 368 8 0
3 3328 384 8 0
3 3344 384 8 0
3 3136 320 4 0
1 2816 432 1 0
3 2816 448 4 0
2 2832 432 2 0
2 2848 432 2 0
2 2864 432 2 0
2 2880 432 2 0
2 2896 432 2 0
2 2912 432 2 0
2 2928 432 2 0
2 2944 432 2 0
2 2960 432 2 0
2 2976 432 2 0
2 2992 432 2 0
2 3008 432 2 0
2 3024 432 2 0
2 3040 432 2 0
2 3056 432 2 0
2 3072 432 2 0
2 3088 432 2 0
2 3104 432 2 0
2 3120 432 2 0
2 3136 432 2 0
2 3152 432 2 0
2 3168 432 2 0
2 3184 432 2 0
2 3200 432 2 0
2 3216 432 2 0
2 3232 432 2 0
2 3248 432 2 0
2 3264 432 2 0
2 3280 432 2 0
2 3296 432 2 0
2 3312 432 2 0
2 3328 432 2 0
2 3344 432 2 0
3 2048 256 6 0
3 2048 272 6 0
3 2048 304 6 0
3 2048 288 6 0
3 2048 320 6 0
3 2048 336 6 0
3 2048 368 6 0
3 2048 352 6 0
3 2048 384 6 0
3 2048 400 6 0
3 2048 416 6 0
3 2048 432 6 0
3 2048 448 6 0
3 2128 256 4 0
3 2128 272 4 0
3 2128 288 4 0
3 2128 304 4 0
3 2128 320 4 0
3 2128 336 4 0
3 2128 352 4 0
3 2128 368 4 0
3 2128 384 4 0
3 2128 400 4 0
3 2128 416 4 0
3 2128 432 4 0
3 2128 448 4 0
2 2080 288 2 0
2 2096 288 2 0
2 2112 288 2 0
8 2064 272 19 0
8 2080 272 19 0
8 2096 272 19 0
8 2112 272 19 0
2 2064 288 2 0
3 3072 272 7 0
3 3088 288 4 0
1 2832 192 3 0
3 2832 208 6 0
3 2832 224 6 0
3 2832 240 6 0
3 2832 272 6 0
3 2832 256 6 0
3 2832 288 6 0
3 2832 304 6 0
3 2832 320 6 0
3 2832 336 6 0
3 2832 352 6 0
3 2832 368 6 0
3 2832 384 6 0
3 2832 416 6 0
3 2832 400 6 0
2 3024 208 7 0
2 3040 224 7 0
2 3056 256 7 0
3 3056 240 4 0
5 16 384 5 0
5 16 400 5 0
5 16 416 5 0
5 16 432 5 0
5 16 448 5 0
5 32 448 5 0
5 32 432 5 0
5 32 416 5 0
5 32 400 5 0
5 32 384 5 0
5 48 384 5 0
5 48 400 5 0
5 48 416 5 0
5 48 432 5 0
5 48 448 5 0
5 64 448 5 0
5 64 432 5 0
5 64 416 5 0
5 64 400 5 0
5 64 384 5 0
5 80 384 5 0
5 80 400 5 0
5 80 416 5 0
5 80 432 5 0
5 80 448 5 0
5 96 448 5 0
5 96 432 5 0
5 96 416 5 0
5 96 400 5 0
5 96 384 5 0
5 112 384 5 0
5 112 400 5 0
5 112 432 5 0
5 112 416 5 0
5 112 448 5 0
5 128 448 5 0
5 128 432 5 0
5 128 416 5 0
5 128 400 5 0
5 128 384 5 0
5 144 384 5 0
5 144 400 5 0
5 144 416 5 0
5 144 432 5 0
5 144 448 5 0
5 160 448 5 0
5 160 432 5 0
5 160 416 5 0
5 160 400 5 0
5 160 384 5 0
5 176 384 5 0
5 176 400 5 0
5 176 416 5 0
5 176 432 5 0
5 176 448 5 0
5 192 448 5 0
5 192 432 5 0
5 192 416 5 0
5 192 400 5 0
5 192 384 5 0
5 208 384 5 0
5 208 400 5 0
5 208 416 5 0
5 208 432 5 0
5 208 448 5 0
5 224 448 5 0
5 224 432 5 0
5 224 416 5 0
5 224 400 5 0
5 224 384 5 0
5 240 384 5 0
5 240 400 5 0
5 240 416 5 0
5 240 432 5 0
5 240 448 5 0
5 256 448 5 0
5 256 432 5 0
5 256 416 5 0
5 256 400 5 0
5 256 384 5 0
5 272 384 5 0
5 272 400 5 0
5 272 416 5 0
5 272 432 5 0
5 272 448 5 0
5 288 448 5 0
5 288 432 5 0
5 288 416 5 0
5 288 400 5 0
5 288 384 5 0
5 304 384 5 0
5 304 400 5 0
5 304 416 5 0
5 304 432 5 0
5 304 448 5 0
5 320 448 5 0
5 320 432 5 0
5 320 416 5 0
5 320 400 5 0
5 320 384 5 0
5 336 384 5 0
5 336 400 5 0
5 336 416 5 0
5 336 432 5 0
5 336 448 5 0
5 352 448 5 0
5 352 432 5 0
5 352 416 5 0
5 352 400 5 0
5 352 384 5 0
5 368 384 5 0
5 368 400 5 0
5 368 416 5 0
5 368 432 5 0
5 368 448 5 0
5 384 448 5 0
5 384 432 5 0
5 384 416 5 0
5 384 400 5 0
5 384 384 5 0
5 400 384 5 0
5 400 400 5 0
5 400 416 5 0
5 400 432 5 0
5 400 448 5 0
5 416 448 5 0
5 416 432 5 0
5 416 416 5 0
5 416 384 5 0
5 416 400 5 0
5 432 384 5 0
5 432 400 5 0
5 432 416 5 0
5 432 432 5 0
5 432 448 5 0
5 448 448 5 0
5 448 432 5 0
5 448 416 5 0
5 448 400 5 0
5 448 384 5 0
5 592 384 5 0
5 608 384 5 0
5 624 384 5 0
5 640 384 5 0
5 656 384 5 0
5 672 384 5 0
5 688 384 5 0
5 704 384 5 0
5 720 384 5 0
5 720 400 5 0
5 704 400 5 0
5 688 400 5 0
5 672 400 5 0
5 656 400 5 0
5 640 400 5 0
5 624 400 5 0
5 608 400 5 0
5 592 416 5 0
5 592 400 5 0
5 608 416 5 0
5 624 416 5 0
5 640 416 5 0
5 656 416 5 0
5 672 416 5 0
5 688 416 5 0
5 704 416 5 0
5 720 416 5 0
5 720 432 5 0
5 704 432 5 0
5 688 432 5 0
5 672 432 5 0
5 656 432 5 0
5 640 432 5 0
5 624 432 5 0
5 608 432 5 0
5 592 432 5 0
5 592 448 5 0
5 608 448 5 0
5 624 448 5 0
5 640 448 5 0
5 656 448 5 0
5 672 448 5 0
5 688 448 5 0
5 704 448 5 0
5 720 448 5 0
5 752 256 5 0
3 752 272 8 0
5 768 224 5 0
5 768 240 5 0
5 768 256 5 0
5 784 256 5 0
5 784 240 5 0
5 784 224 5 0
5 800 224 5 0
5 800 240 5 0
5 800 256 5 0
5 816 256 5 0
5 816 240 5 0
5 816 224 5 0
5 832 224 5 0
5 832 240 5 0
5 832 256 5 0
5 848 256 5 0
5 848 240 5 0
5 848 224 5 0
5 864 224 5 0
5 864 240 5 0
5 864 256 5 0
5 880 240 5 0
5 880 224 5 0
5 880 256 5 0
5 896 256 5 0
5 896 240 5 0
5 896 224 5 0
5 912 224 5 0
5 912 240 5 0
5 912 256 5 0
5 1088 224 5 0
5 1088 240 5 0
5 1104 240 5 0
5 1104 224 5 0
5 1120 224 5 0
5 1120 240 5 0
5 1136 240 5 0
5 1136 224 5 0
5 1152 240 5 0
5 1152 224 5 0
5 1152 256 5 0
5 1168 352 5 0
5 1168 336 5 0
5 1168 320 5 0
5 1168 304 5 0
5 1168 272 5 0
5 1168 288 5 0
5 1168 256 5 0
5 1168 240 5 0
5 1168 224 5 0
5 1184 224 5 0
5 1200 224 5 0
5 1216 224 5 0
5 1232 224 5 0
5 1248 224 5 0
5 1264 224 5 0
5 1280 224 5 0
5 1280 240 5 0
5 1280 256 5 0
5 1280 272 5 0
5 1280 288 5 0
5 1280 304 5 0
5 1280 320 5 0
5 1280 352 5 0
5 1280 336 5 0
5 1264 352 5 0
5 1248 352 5 0
5 1216 352 5 0
5 1232 352 5 0
5 1200 352 5 0
5 1184 352 5 0
5 1184 336 5 0
5 1216 336 5 0
5 1200 336 5 0
5 1232 336 5 0
5 1248 336 5 0
5 1264 336 5 0
5 1264 320 5 0
5 1248 320 5 0
5 1232 320 5 0
5 1216 320 5 0
5 1200 320 5 0
5 1184 320 5 0
5 1184 304 5 0
5 1184 288 5 0
5 1184 272 5 0
5 1184 256 5 0
5 1184 240 5 0
5 1200 240 5 0
5 1216 240 5 0
5 1232 240 5 0
5 1248 256 5 0
5 1248 240 5 0
5 1264 240 5 0
5 1264 272 5 0
5 1264 256 5 0
5 1264 288 5 0
5 1264 304 5 0
5 1248 304 5 0
5 1232 304 5 0
5 1216 304 5 0
5 1200 304 5 0
5 1200 288 5 0
5 1200 272 5 0
5 1200 256 5 0
5 1216 256 5 0
5 1232 256 5 0
5 1248 272 5 0
5 1248 288 5 0
5 1216 272 5 0
5 1232 272 5 0
5 1232 288 5 0
5 1216 288 5 0
5 912 448 5 0
5 928 448 5 0
5 944 448 5 0
5 960 448 5 0
5 976 448 5 0
5 992 448 5 0
5 1008 448 5 0
5 1024 448 5 0
5 1040 448 5 0
5 1056 448 5 0
5 1072 448 5 0
5 1088 448 5 0
5 1104 448 5 0
5 1120 448 5 0
5 1136 448 5 0
5 1152 448 5 0
5 1168 448 5 0
5 1184 448 5 0
5 1200 448 5 0
5 1216 448 5 0
5 1232 448 5 0
5 1248 448 5 0
5 1264 448 5 0
5 1280 448 5 0
5 1296 448 5 0
5 1312 448 5 0
5 1328 448 5 0
5 1344 448 5 0
5 1360 448 5 0
5 1376 448 5 0
5 1392 448 5 0
5 1408 448 5 0
5 1424 448 5 0
5 1488 400 5 0
5 1472 416 5 0
5 1472 400 5 0
5 1472 432 5 0
5 1472 448 5 0
5 1488 448 5 0
5 1488 432 5 0
5 1488 416 5 0
5 1504 416 5 0
5 1504 400 5 0
5 1504 432 5 0
5 1504 448 5 0
5 1520 448 5 0
5 1520 432 5 0
5 1520 416 5 0
5 1520 400 5 0
5 1520 384 5 0
5 1536 368 5 0
5 1536 384 5 0
5 1536 400 5 0
5 1536 416 5 0
5 1536 432 5 0
5 1536 448 5 0
5 1552 448 5 0
5 1552 432 5 0
5 1552 416 5 0
5 1552 400 5 0
5 1552 384 5 0
5 1552 368 5 0
5 1568 352 5 0
5 1568 368 5 0
5 1568 384 5 0
5 1568 400 5 0
5 1568 416 5 0
5 1568 432 5 0
5 1568 448 5 0
5 1584 448 5 0
5 1584 432 5 0
5 1584 416 5 0
5 1584 400 5 0
5 1584 384 5 0
5 1584 352 5 0
5 1584 368 5 0
5 1600 352 5 0
5 1600 368 5 0
5 1600 384 5 0
5 1600 400 5 0
5 1600 416 5 0
5 1600 432 5 0
5 1600 448 5 0
5 1616 448 5 0
5 1616 432 5 0
5 1616 416 5 0
5 1616 400 5 0
5 1616 384 5 0
5 1616 368 5 0
5 1616 352 5 0
5 1616 336 5 0
5 1632 304 5 0
5 1632 320 5 0
5 1632 336 5 0
5 1632 368 5 0
5 1632 352 5 0
5 1632 384 5 0
5 1632 400 5 0
5 1632 416 5 0
5 1632 432 5 0
5 1632 448 5 0
5 1648 448 5 0
5 1648 432 5 0
5 1648 416 5 0
5 1648 400 5 0
5 1648 384 5 0
5 1648 368 5 0
5 1648 352 5 0
5 1648 336 5 0
5 1648 320 5 0
5 1648 304 5 0
5 1664 448 5 0
5 1680 448 5 0
5 1696 448 5 0
5 1712 448 5 0
5 1728 448 5 0
5 1744 448 5 0
5 1760 448 5 0
5 1776 448 5 0
5 1792 448 5 0
5 1808 448 5 0
5 1824 448 5 0
5 1840 448 5 0
5 1856 448 5 0
5 1872 448 5 0
5 1888 448 5 0
5 1904 448 5 0
5 1920 448 5 0
5 1936 448 5 0
5 1952 448 5 0
5 1968 448 5 0
5 1984 448 5 0
5 2000 448 5 0
5 2016 448 5 0
5 2032 448 5 0
5 2032 432 5 0
5 2032 416 5 0
5 2032 400 5 0
5 2032 384 5 0
5 2032 368 5 0
5 2032 352 5 0
5 2032 336 5 0
5 2032 320 5 0
5 2032 304 5 0
5 2032 288 5 0
5 2032 272 5 0
5 2032 256 5 0
5 2016 256 5 0
5 2000 256 5 0
5 1984 256 5 0
5 1968 256 5 0
5 1952 256 5 0
5 1936 272 5 0
5 1936 256 5 0
5 1920 256 5 0
5 1904 256 5 0
5 1888 256 5 0
5 1872 256 5 0
5 1856 256 5 0
5 1840 256 5 0
5 1824 256 5 0
5 1808 256 5 0
5 1776 256 5 0
5 1792 256 5 0
5 1760 272 5 0
5 1760 288 5 0
5 1744 288 5 0
5 1728 288 5 0
5 1712 288 5 0
5 1696 288 5 0
5 1680 288 5 0
5 1664 288 5 0
5 1664 304 5 0
5 1664 320 5 0
5 1664 336 5 0
5 1664 352 5 0
5 1664 368 5 0
5 1664 400 5 0
5 1664 384 5 0
5 1664 416 5 0
5 1664 432 5 0
5 1680 432 5 0
5 1680 416 5 0
5 1680 400 5 0
5 1680 384 5 0
5 1680 368 5 0
5 1680 352 5 0
5 1680 336 5 0
5 1680 320 5 0
5 1680 304 5 0
5 1696 304 5 0
5 1696 320 5 0
5 1696 336 5 0
5 1696 352 5 0
5 1696 368 5 0
5 1696 384 5 0
5 1696 400 5 0
5 1696 416 5 0
5 1696 432 5 0
5 1712 432 5 0
5 1712 416 5 0
5 1712 400 5 0
5 1712 384 5 0
5 1712 368 5 0
5 1712 352 5 0
5 1712 336 5 0
5 1712 320 5 0
5 1712 304 5 0
5 1744 304 5 0
5 1728 304 5 0
5 1728 320 5 0
5 1728 352 5 0
5 1728 336 5 0
5 1728 368 5 0
5 1728 400 5 0
5 1728 384 5 0
5 1728 416 5 0
5 1728 432 5 0
5 1744 432 5 0
5 1760 432 5 0
5 1744 416 5 0
5 1744 400 5 0
5 1744 384 5 0
5 1744 368 5 0
5 1744 352 5 0
5 1744 336 5 0
5 1744 320 5 0
5 1760 320 5 0
5 1760 304 5 0
5 1760 336 5 0
5 1760 352 5 0
5 1760 368 5 0
5 1760 384 5 0
5 1760 400 5 0
5 1760 416 5 0
5 1776 432 5 0
5 1776 416 5 0
5 1776 400 5 0
5 1776 384 5 0
5 1776 368 5 0
5 1776 352 5 0
5 1776 336 5 0
5 1776 320 5 0
5 1776 304 5 0
5 1776 288 5 0
5 1776 272 5 0
5 1792 272 5 0
5 1792 288 5 0
5 1792 304 5 0
5 1792 320 5 0
5 1792 336 5 0
5 1792 352 5 0
5 1792 384 5 0
5 1792 368 5 0
5 1792 400 5 0
5 1792 416 5 0
5 1792 432 5 0
5 1808 432 5 0
5 1808 416 5 0
5 1808 384 5 0
5 1808 400 5 0
5 1808 368 5 0
5 1808 336 5 0
5 1808 352 5 0
5 1808 320 5 0
5 1808 304 5 0
5 1808 288 5 0
5 1808 272 5 0
5 1824 272 5 0
5 1824 288 5 0
5 1824 304 5 0
5 1824 320 5 0
5 1824 336 5 0
5 1824 352 5 0
5 1824 384 5 0
5 1824 368 5 0
5 1824 416 5 0
5 1824 400 5 0
5 1824 432 5 0
5 1840 432 5 0
5 1840 416 5 0
5 1840 400 5 0
5 1840 384 5 0
5 1840 368 5 0
5 1840 352 5 0
5 1840 336 5 0
5 1840 320 5 0
5 1840 304 5 0
5 1840 288 5 0
5 1840 272 5 0
5 1856 272 5 0
5 1856 288 5 0
5 1856 304 5 0
5 1856 336 5 0
5 1856 320 5 0
5 1856 352 5 0
5 1856 368 5 0
5 1856 384 5 0
5 1856 400 5 0
5 1856 416 5 0
5 1856 432 5 0
5 1872 432 5 0
5 1872 416 5 0
5 1872 400 5 0
5 1872 384 5 0
5 1872 368 5 0
5 1872 352 5 0
5 1872 336 5 0
5 1872 320 5 0
5 1872 304 5 0
5 1872 288 5 0
5 1872 272 5 0
5 1888 272 5 0
5 1904 272 5 0
5 1920 272 5 0
5 1952 272 5 0
5 1968 272 5 0
5 1984 272 5 0
5 2000 272 5 0
5 2016 272 5 0
5 2016 288 5 0
5 2000 288 5 0
5 1984 288 5 0
5 1968 288 5 0
5 1952 288 5 0
5 1936 288 5 0
5 1920 288 5 0
5 1888 288 5 0
5 1904 288 5 0
5 1888 304 5 0
5 1904 304 5 0
5 1920 320 5 0
5 1920 304 5 0
5 1936 304 5 0
5 1952 304 5 0
5 1968 304 5 0
5 1984 304 5 0
5 2000 304 5 0
5 2016 304 5 0
5 2016 320 5 0
5 2000 320 5 0
5 1984 320 5 0
5 1968 320 5 0
5 1952 320 5 0
5 1936 320 5 0
5 1904 336 5 0
5 1904 320 5 0
5 1888 320 5 0
5 1888 336 5 0
5 1888 352 5 0
5 1888 384 5 0
5 1888 368 5 0
5 1888 400 5 0
5 1888 416 5 0
5 1888 432 5 0
5 1904 432 5 0
5 1904 416 5 0
5 1904 400 5 0
5 1904 384 5 0
5 1904 368 5 0
5 1904 352 5 0
5 1920 336 5 0
5 1936 336 5 0
5 1952 336 5 0
5 1968 336 5 0
5 1984 336 5 0
5 2000 336 5 0
5 2016 336 5 0
5 2016 368 5 0
5 2016 352 5 0
5 2016 384 5 0
5 2016 400 5 0
5 2016 416 5 0
5 2016 432 5 0
5 2000 432 5 0
5 1984 432 5 0
5 1968 432 5 0
5 1952 432 5 0
5 1936 432 5 0
5 1920 432 5 0
5 1920 416 5 0
5 1920 400 5 0
5 1920 384 5 0
5 1920 368 5 0
5 1920 352 5 0
5 1936 352 5 0
5 1952 352 5 0
5 1968 352 5 0
5 1984 352 5 0
5 2000 352 5 0
5 2000 368 5 0
5 2000 400 5 0
5 2000 384 5 0
5 2000 416 5 0
5 1984 416 5 0
5 1968 416 5 0
5 1952 416 5 0
5 1936 416 5 0
5 1936 400 5 0
5 1936 384 5 0
5 1936 368 5 0
5 1952 368 5 0
5 1968 368 5 0
5 1984 384 5 0
5 1984 368 5 0
5 1984 400 5 0
5 1968 400 5 0
5 1952 400 5 0
5 1952 384 5 0
5 1968 384 5 0
5 2064 304 5 0
5 2080 304 5 0
5 2096 304 5 0
5 2112 304 5 0
5 2112 320 5 0
5 2096 320 5 0
5 2080 320 5 0
5 2064 320 5 0
5 2064 336 5 0
5 2080 336 5 0
5 2096 336 5 0
5 2112 336 5 0
5 2112 352 5 0
5 2096 352 5 0
5 2080 352 5 0
5 2064 352 5 0
5 2064 368 5 0
5 2080 368 5 0
5 2096 368 5 0
5 2112 368 5 0
5 2112 384 5 0
5 2096 384 5 0
5 2080 384 5 0
5 2064 384 5 0
5 2064 400 5 0
5 2080 400 5 0
5 2096 400 5 0
5 2112 400 5 0
5 2112 416 5 0
5 2096 416 5 0
5 2080 416 5 0
5 2064 416 5 0
5 2064 432 5 0
5 2080 432 5 0
5 2096 432 5 0
5 2112 432 5 0
5 2112 448 5 0
5 2096 448 5 0
5 2080 448 5 0
5 2064 448 5 0
5 2144 448 5 0
5 2160 448 5 0
5 2176 448 5 0
5 2192 448 5 0
5 2208 448 5 0
5 2224 448 5 0
5 2240 448 5 0
5 2256 448 5 0
5 2272 448 5 0
5 2288 448 5 0
5 2304 448 5 0
5 2320 448 5 0
5 2336 448 5 0
5 2352 448 5 0
5 2368 448 5 0
5 2384 448 5 0
5 2400 448 5 0
5 2416 448 5 0
5 2432 448 5 0
5 2448 448 5 0
5 2464 448 5 0
5 2480 448 5 0
5 2496 448 5 0
5 2512 448 5 0
5 2512 432 5 0
5 2512 416 5 0
5 2512 400 5 0
5 2512 384 5 0
5 2512 368 5 0
5 2512 352 5 0
5 2512 336 5 0
5 2512 320 5 0
5 2512 304 5 0
5 2512 272 5 0
5 2512 288 5 0
5 2512 256 5 0
5 2512 240 5 0
5 2512 224 5 0
5 2512 208 5 0
5 2496 208 5 0
5 2480 208 5 0
5 2464 208 5 0
5 2448 208 5 0
5 2432 208 5 0
5 2416 208 5 0
5 2400 208 5 0
5 2400 224 5 0
5 2400 240 5 0
5 2384 240 5 0
5 2384 256 5 0
5 2368 256 5 0
5 2352 256 5 0
5 2336 256 5 0
5 2320 256 5 0
5 2304 256 5 0
5 2288 256 5 0
5 2272 256 5 0
5 2256 256 5 0
5 2240 256 5 0
5 2224 256 5 0
5 2208 256 5 0
5 2192 256 5 0
5 2176 256 5 0
5 2160 256 5 0
5 2144 256 5 0
5 2144 272 5 0
5 2144 288 5 0
5 2144 304 5 0
5 2144 320 5 0
5 2144 336 5 0
5 2144 352 5 0
5 2144 368 5 0
5 2144 400 5 0
5 2144 384 5 0
5 2144 416 5 0
5 2144 432 5 0
5 2160 432 5 0
5 2160 416 5 0
5 2160 400 5 0
5 2160 384 5 0
5 2160 368 5 0
5 2160 352 5 0
5 2160 336 5 0
5 2160 320 5 0
5 2160 304 5 0
5 2160 288 5 0
5 2160 272 5 0
5 2176 272 5 0
5 2176 288 5 0
5 2176 304 5 0
5 2176 320 5 0
5 2176 352 5 0
5 2176 336 5 0
5 2176 368 5 0
5 2176 384 5 0
5 2176 416 5 0
5 2176 400 5 0
5 2176 432 5 0
5 2192 432 5 0
5 2192 416 5 0
5 2192 400 5 0
5 2192 384 5 0
5 2192 368 5 0
5 2192 352 5 0
5 2192 320 5 0
5 2192 336 5 0
5 2192 304 5 0
5 2192 288 5 0
5 2192 272 5 0
5 2208 272 5 0
5 2208 288 5 0
5 2208 304 5 0
5 2208 320 5 0
5 2208 336 5 0
5 2208 352 5 0
5 2208 384 5 0
5 2208 368 5 0
5 2208 400 5 0
5 2208 416 5 0
5 2208 432 5 0
5 2224 432 5 0
5 2224 416 5 0
5 2224 400 5 0
5 2224 384 5 0
5 2224 368 5 0
5 2224 352 5 0
5 2224 336 5 0
5 2224 320 5 0
5 2224 304 5 0
5 2224 288 5 0
5 2224 272 5 0
5 2240 272 5 0
5 2240 304 5 0
5 2240 288 5 0
5 2240 320 5 0
5 2240 336 5 0
5 2240 352 5 0
5 2240 368 5 0
5 2240 384 5 0
5 2240 400 5 0
5 2240 416 5 0
5 2240 432 5 0
5 2256 432 5 0
5 2256 416 5 0
5 2256 400 5 0
5 2256 384 5 0
5 2256 368 5 0
5 2256 352 5 0
5 2256 336 5 0
5 2256 320 5 0
5 2256 304 5 0
5 2256 288 5 0
5 2256 272 5 0
5 2272 272 5 0
5 2272 288 5 0
5 2272 304 5 0
5 2272 336 5 0
5 2272 320 5 0
5 2272 352 5 0
5 2272 368 5 0
5 2272 384 5 0
5 2272 400 5 0
5 2272 416 5 0
5 2272 432 5 0
5 2288 432 5 0
5 2288 416 5 0
5 2288 400 5 0
5 2288 384 5 0
5 2288 368 5 0
5 2288 336 5 0
5 2288 352 5 0
5 2288 320 5 0
5 2288 304 5 0
5 2288 272 5 0
5 2288 288 5 0
5 2304 272 5 0
5 2304 288 5 0
5 2304 304 5 0
5 2304 320 5 0
5 2304 336 5 0
5 2304 352 5 0
5 2304 368 5 0
5 2304 384 5 0
5 2304 400 5 0
5 2304 416 5 0
5 2304 432 5 0
5 2320 432 5 0
5 2320 416 5 0
5 2320 400 5 0
5 2320 384 5 0
5 2320 368 5 0
5 2320 352 5 0
5 2320 336 5 0
5 2320 320 5 0
5 2320 304 5 0
5 2320 288 5 0
5 2320 272 5 0
5 2336 272 5 0
5 2336 288 5 0
5 2336 304 5 0
5 2336 320 5 0
5 2336 336 5 0
5 2336 352 5 0
5 2336 368 5 0
5 2336 384 5 0
5 2336 400 5 0
5 2336 416 5 0
5 2336 432 5 0
5 2352 432 5 0
5 2352 416 5 0
5 2352 400 5 0
5 2352 384 5 0
5 2352 368 5 0
5 2352 352 5 0
5 2352 336 5 0
5 2352 320 5 0
5 2352 304 5 0
5 2352 288 5 0
5 2352 272 5 0
5 2368 272 5 0
5 2368 288 5 0
5 2368 320 5 0
5 2368 304 5 0
5 2368 336 5 0
5 2368 352 5 0
5 2368 368 5 0
5 2368 384 5 0
5 2368 400 5 0
5 2368 432 5 0
5 2368 416 5 0
5 2384 432 5 0
5 2384 416 5 0
5 2384 400 5 0
5 2384 368 5 0
5 2384 384 5 0
5 2384 352 5 0
5 2384 336 5 0
5 2384 320 5 0
5 2384 304 5 0
5 2384 288 5 0
5 2384 272 5 0
5 2400 256 5 0
5 2400 272 5 0
5 2400 288 5 0
5 2400 304 5 0
5 2400 320 5 0
5 2400 336 5 0
5 2400 352 5 0
5 2400 368 5 0
5 2400 384 5 0
5 2400 400 5 0
5 2400 416 5 0
5 2400 432 5 0
5 2416 432 5 0
5 2432 432 5 0
5 2448 432 5 0
5 2464 432 5 0
5 2480 432 5 0
5 2496 432 5 0
5 2496 416 5 0
5 2480 416 5 0
5 2464 416 5 0
5 2448 416 5 0
5 2432 416 5 0
5 2416 416 5 0
5 2416 400 5 0
5 2416 384 5 0
5 2416 368 5 0
5 2416 352 5 0
5 2416 336 5 0
5 2416 320 5 0
5 2416 304 5 0
5 2416 288 5 0
5 2416 272 5 0
5 2416 256 5 0
5 2416 240 5 0
5 2416 224 5 0
5 2432 224 5 0
5 2448 224 5 0
5 2464 224 5 0
5 2480 240 5 0
5 2480 224 5 0
5 2496 224 5 0
5 2496 240 5 0
5 2496 256 5 0
5 2496 272 5 0
5 2496 288 5 0
5 2496 304 5 0
5 2496 320 5 0
5 2496 336 5 0
5 2496 352 5 0
5 2496 368 5 0
5 2496 384 5 0
5 2496 400 5 0
5 2480 400 5 0
5 2464 400 5 0
5 2448 400 5 0
5 2432 400 5 0
5 2432 384 5 0
5 2432 368 5 0
5 2432 352 5 0
5 2432 336 5 0
5 2432 320 5 0
5 2432 288 5 0
5 2432 304 5 0
5 2432 272 5 0
5 2432 256 5 0
5 2432 240 5 0
5 2448 240 5 0
5 2464 240 5 0
5 2480 288 5 0
5 2480 272 5 0
5 2464 272 5 0
5 2448 256 5 0
5 2464 272 5 0
5 2464 256 5 0
5 2480 272 5 0
5 2480 272 5 0
5 2480 256 5 0
5 2448 288 5 0
5 2448 272 5 0
5 2464 288 5 0
5 2480 304 5 0
5 2464 304 5 0
5 2448 304 5 0
5 2448 320 5 0
5 2464 320 5 0
5 2480 320 5 0
5 2480 352 5 0
5 2464 336 5 0
5 2448 336 5 0
5 2480 336 5 0
5 2464 352 5 0
5 2448 352 5 0
5 2448 368 5 0
5 2464 384 5 0
5 2464 368 5 0
5 2480 368 5 0
5 2480 384 5 0
5 2448 384 5 0
5 2544 240 5 0
5 2560 240 5 0
5 2576 240 5 0
5 2592 256 5 0
5 2592 240 5 0
5 2576 256 5 0
5 2560 256 5 0
5 2544 256 5 0
5 2592 272 5 0
5 2576 272 5 0
5 2560 272 5 0
5 2544 272 5 0
5 2544 288 5 0
5 2560 304 5 0
5 2560 288 5 0
5 2576 288 5 0
5 2592 288 5 0
5 2592 304 5 0
5 2576 304 5 0
5 2544 304 5 0
5 2544 320 5 0
5 2560 320 5 0
5 2576 320 5 0
5 2592 320 5 0
5 2592 336 5 0
5 2576 336 5 0
5 2560 336 5 0
5 2544 336 5 0
5 2544 352 5 0
5 2560 352 5 0
5 2576 352 5 0
5 2592 352 5 0
5 2592 384 5 0
5 2592 368 5 0
5 2576 368 5 0
5 2560 368 5 0
5 2544 368 5 0
5 2544 384 5 0
5 2560 384 5 0
5 2576 400 5 0
5 2576 384 5 0
5 2592 400 5 0
5 2560 400 5 0
5 2544 400 5 0
5 2544 416 5 0
5 2560 416 5 0
5 2576 416 5 0
5 2592 416 5 0
5 2592 432 5 0
5 2576 432 5 0
5 2560 432 5 0
5 2544 432 5 0
5 2544 448 5 0
5 2560 448 5 0
5 2576 448 5 0
5 2592 448 5 0
5 2624 448 5 0
5 2624 432 5 0
5 2624 416 5 0
5 2624 400 5 0
5 2624 384 5 0
5 2624 368 5 0
5 2624 352 5 0
5 2624 336 5 0
5 2624 320 5 0
5 2624 304 5 0
5 2624 288 5 0
5 2624 272 5 0
5 2624 256 5 0
5 2624 240 5 0
5 2624 224 5 0
5 2624 208 5 0
5 2640 208 5 0
5 2656 208 5 0
5 2672 208 5 0
5 2688 208 5 0
5 2704 208 5 0
5 2720 208 5 0
5 2736 208 5 0
5 2752 208 5 0
5 2784 208 5 0
5 2768 208 5 0
5 2800 208 5 0
5 2816 208 5 0
5 2816 224 5 0
5 2816 240 5 0
5 2816 256 5 0
5 2816 272 5 0
5 2816 304 5 0
5 2816 320 5 0
5 2816 336 5 0
5 2816 352 5 0
5 2816 368 5 0
5 2816 400 5 0
5 2816 384 5 0
5 2816 416 5 0
5 2800 432 5 0
5 2800 416 5 0
5 2800 448 5 0
5 2784 448 5 0
5 2768 448 5 0
5 2752 448 5 0
5 2736 448 5 0
5 2720 448 5 0
5 2704 448 5 0
5 2688 448 5 0
5 2672 448 5 0
5 2656 448 5 0
5 2640 448 5 0
5 2640 432 5 0
5 2640 416 5 0
5 2640 400 5 0
5 2640 384 5 0
5 2640 368 5 0
5 2640 352 5 0
5 2640 336 5 0
5 2640 320 5 0
5 2640 304 5 0
5 2640 288 5 0
5 2640 272 5 0
5 2640 256 5 0
5 2640 240 5 0
5 2640 224 5 0
5 2656 224 5 0
5 2672 224 5 0
5 2688 224 5 0
5 2704 224 5 0
5 2720 224 5 0
5 2736 224 5 0
5 2752 224 5 0
5 2768 224 5 0
5 2784 240 5 0
5 2784 224 5 0
5 2800 224 5 0
5 2800 240 5 0
5 2768 240 5 0
5 2752 240 5 0
5 2736 240 5 0
5 2720 240 5 0
5 2704 240 5 0
5 2688 240 5 0
5 2672 240 5 0
5 2656 240 5 0
5 2656 256 5 0
5 2672 256 5 0
5 2688 256 5 0
5 2704 256 5 0
5 2720 256 5 0
5 2736 256 5 0
5 2752 272 5 0
5 2752 256 5 0
5 2768 256 5 0
5 2784 256 5 0
5 2800 256 5 0
5 2800 272 5 0
5 2784 272 5 0
5 2768 272 5 0
5 2736 272 5 0
5 2720 272 5 0
5 2704 272 5 0
5 2688 272 5 0
5 2672 272 5 0
5 2656 272 5 0
5 2656 288 5 0
5 2672 288 5 0
5 2688 288 5 0
5 2704 288 5 0
5 2720 304 5 0
5 2720 288 5 0
5 2736 288 5 0
5 2752 288 5 0
5 2768 288 5 0
5 2784 288 5 0
5 2800 288 5 0
5 2816 288 5 0
5 2800 304 5 0
5 2784 304 5 0
5 2768 304 5 0
5 2752 304 5 0
5 2736 304 5 0
5 2704 304 5 0
5 2688 304 5 0
5 2672 304 5 0
5 2656 304 5 0
5 2656 320 5 0
5 2672 320 5 0
5 2688 320 5 0
5 2704 320 5 0
5 2720 320 5 0
5 2736 320 5 0
5 2752 320 5 0
5 2768 320 5 0
5 2784 320 5 0
5 2800 320 5 0
5 2800 336 5 0
5 2800 352 5 0
5 2800 368 5 0
5 2800 384 5 0
5 2800 400 5 0
5 2784 432 5 0
5 2784 416 5 0
5 2784 384 5 0
5 2784 368 5 0
5 2784 352 5 0
5 2784 336 5 0
5 2768 336 5 0
5 2736 336 5 0
5 2752 336 5 0
5 2720 336 5 0
5 2704 336 5 0
5 2688 336 5 0
5 2672 336 5 0
5 2656 336 5 0
5 2656 368 5 0
5 2656 352 5 0
5 2656 384 5 0
5 2656 400 5 0
5 2656 416 5 0
5 2656 432 5 0
5 2672 432 5 0
5 2672 416 5 0
5 2672 400 5 0
5 2672 384 5 0
5 2672 368 5 0
5 2672 352 5 0
5 2688 352 5 0
5 2704 352 5 0
5 2720 352 5 0
5 2736 352 5 0
5 2752 352 5 0
5 2768 352 5 0
5 2768 368 5 0
5 2768 384 5 0
5 2768 432 5 0
5 2752 432 5 0
5 2736 432 5 0
5 2720 432 5 0
5 2704 432 5 0
5 2688 432 5 0
5 2688 416 5 0
5 2688 400 5 0
5 2688 384 5 0
5 2688 368 5 0
5 2704 368 5 0
5 2720 368 5 0
5 2736 368 5 0
5 2752 384 5 0
5 2752 368 5 0
5 2720 416 5 0
5 2704 384 5 0
5 2720 384 5 0
5 2736 384 5 0
5 2720 416 5 0
5 2704 400 5 0
5 2704 416 5 0
5 2720 400 5 0
5 2736 400 5 0
5 2752 400 5 0
5 2752 416 5 0
5 2736 416 5 0
5 2768 400 5 0
5 2784 400 5 0
5 2768 416 5 0
5 2832 448 5 0
5 2848 448 5 0
5 2864 448 5 0
5 2880 448 5 0
5 2896 448 5 0
5 2912 448 5 0
5 2928 448 5 0
5 2944 448 5 0
5 2960 448 5 0
5 2976 448 5 0
5 2992 448 5 0
5 3008 448 5 0
5 3024 448 5 0
5 3040 448 5 0
5 3056 448 5 0
5 3072 448 5 0
5 3088 448 5 0
5 3104 448 5 0
5 3120 448 5 0
5 3136 448 5 0
5 3152 448 5 0
5 3168 448 5 0
5 3184 448 5 0
5 3200 448 5 0
5 3216 448 5 0
5 3232 448 5 0
5 3248 448 5 0
5 3264 448 5 0
5 3280 448 5 0
5 3296 448 5 0
5 3312 448 5 0
5 3328 448 5 0
5 3344 448 5 0
5 3344 368 5 0
5 3328 368 5 0
5 3296 352 5 0
5 3280 352 5 0
5 3264 352 5 0
5 3248 352 5 0
5 3312 368 5 0
5 3312 352 5 0
5 3248 336 5 0
5 3232 336 5 0
5 3216 336 5 0
5 3200 336 5 0
5 3200 320 5 0
5 3184 320 5 0
5 3168 320 5 0
5 3152 320 5 0
5 3152 304 5 0
5 3136 304 5 0
5 3136 288 5 0
5 3120 288 5 0
5 3104 288 5 0
5 3104 272 5 0
5 3088 272 5 0
5 3088 256 5 0
5 3072 256 5 0
5 3072 240 5 0
5 3072 224 5 0
5 3056 224 5 0
5 3056 208 5 0
5 3040 208 5 0
5 3072 208 5 0
5 3088 208 5 0
5 3104 208 5 0
5 3120 208 5 0
5 3136 208 5 0
5 3152 208 5 0
5 3168 208 5 0
5 3184 208 5 0
5 3200 208 5 0
5 3216 208 5 0
5 3232 208 5 0
5 3248 208 5 0
5 3264 208 5 0
5 3280 208 5 0
5 3296 208 5 0
5 3312 208 5 0
5 3328 208 5 0
5 3344 208 5 0
5 3344 224 5 0
5 3344 240 5 0
5 3344 256 5 0
5 3344 272 5 0
5 3344 288 5 0
5 3344 304 5 0
5 3344 320 5 0
5 3344 336 5 0
5 3344 352 5 0
5 3328 352 5 0
5 3328 336 5 0
5 3312 336 5 0
5 3296 336 5 0
5 3280 336 5 0
5 3264 336 5 0
5 3264 320 5 0
5 3248 320 5 0
5 3232 320 5 0
5 3216 320 5 0
5 3216 304 5 0
5 3200 304 5 0
5 3184 304 5 0
5 3168 304 5 0
5 3168 288 5 0
5 3152 288 5 0
5 3152 272 5 0
5 3136 272 5 0
5 3120 272 5 0
5 3120 256 5 0
5 3104 256 5 0
5 3104 240 5 0
5 3088 240 5 0
5 3088 224 5 0
5 3104 224 5 0
5 3120 224 5 0
5 3136 224 5 0
5 3152 224 5 0
5 3168 224 5 0
5 3184 224 5 0
5 3200 224 5 0
5 3216 224 5 0
5 3232 224 5 0
5 3248 224 5 0
5 3264 224 5 0
5 3280 224 5 0
5 3296 224 5 0
5 3312 224 5 0
5 3328 224 5 0
5 3328 240 5 0
5 3328 256 5 0
5 3328 272 5 0
5 3328 288 5 0
5 3328 304 5 0
5 3328 320 5 0
5 3312 320 5 0
5 3296 320 5 0
5 3280 320 5 0
5 3280 304 5 0
5 3264 304 5 0
5 3248 304 5 0
5 3232 304 5 0
5 3232 288 5 0
5 3216 288 5 0
5 3200 288 5 0
5 3184 288 5 0
5 3184 272 5 0
5 3168 272 5 0
5 3168 256 5 0
5 3120 240 5 0
5 3136 256 5 0
5 3136 240 5 0
5 3152 256 5 0
5 3152 240 5 0
5 3168 240 5 0
5 3184 240 5 0
5 3200 240 5 0
5 3216 240 5 0
5 3232 240 5 0
5 3264 240 5 0
5 3248 240 5 0
5 3280 240 5 0
5 3296 240 5 0
5 3312 240 5 0
5 3312 256 5 0
5 3312 272 5 0
5 3312 288 5 0
5 3312 304 5 0
5 3296 304 5 0
5 3296 288 5 0
5 3296 272 5 0
5 3296 256 5 0
5 3280 256 5 0
5 3280 272 5 0
5 3280 288 5 0
5 3264 288 5 0
5 3248 288 5 0
5 3264 272 5 0
5 3264 256 5 0
5 3248 256 5 0
5 3248 272 5 0
5 3232 272 5 0
5 3232 256 5 0
5 3216 272 5 0
5 3200 272 5 0
5 3216 256 5 0
5 3200 256 5 0
5 3184 256 5 0
5 176 352 45 0
5 192 352 46 0
5 224 352 46 0
5 240 352 46 0
5 256 352 46 0
5 272 352 46 0
5 288 352 46 0
5 320 352 46 0
5 336 352 46 0
5 352 352 46 0
5 384 352 46 0
5 400 352 47 0
5 48 352 47 0
5 32 352 46 0
5 16 352 46 0
5 0 352 46 0
5 208 352 49 0
5 304 352 49 0
5 368 352 49 0
5 544 288 48 0
5 592 256 48 0
2 592 272 2 0
5 672 352 45 0
5 688 352 46 0
5 704 352 46 0
5 736 352 47 0
5 720 352 49 0
5 736 240 48 0
5 688 240 48 0
5 784 192 45 0
5 800 192 46 0
5 816 192 46 0
5 832 192 46 0
5 848 192 46 0
5 864 192 46 0
5 880 192 47 0
5 1184 192 45 0
5 1200 192 46 0
5 1216 192 46 0
5 1248 192 46 0
5 1264 192 46 0
5 1296 192 47 0
5 1280 192 49 0
5 1232 192 49 0
5 912 416 45 0
5 928 416 46 0
5 944 416 46 0
5 976 416 46 0
5 992 416 46 0
5 1008 416 46 0
5 1040 416 46 0
5 1056 416 46 0
5 1072 416 47 0
5 1024 416 49 0
5 960 416 49 0
5 1216 416 45 0
5 1232 416 46 0
5 1248 416 46 0
5 1280 416 46 0
5 1296 416 46 0
5 1312 416 47 0
5 1264 416 49 0
5 1504 368 48 0
5 1584 320 48 0
5 1680 256 45 0
5 1696 256 46 0
5 1728 256 47 0
5 1712 256 49 0
5 1856 224 45 0
5 1888 224 46 0
5 1904 224 46 0
5 1920 224 46 0
5 1936 224 46 0
5 1968 224 46 0
5 1984 224 47 0
5 1952 224 49 0
5 1872 224 49 0
5 2192 160 48 0
5 2176 224 45 0
5 2192 224 46 0
5 2208 224 46 0
5 2240 224 46 0
5 2256 224 46 0
5 2272 224 46 0
5 2304 224 46 0
5 2320 224 47 0
5 2288 224 49 0
5 2224 224 49 0
5 2432 176 45 0
5 2448 176 46 0
5 2480 176 46 0
5 2512 176 47 0
5 2496 176 49 0
5 2464 176 49 0
5 2672 176 45 0
5 2688 176 46 0
5 2704 176 46 0
5 2720 176 46 0
5 2752 176 46 0
5 2768 176 46 0
5 2800 176 46 0
5 2816 176 47 0
5 2784 176 49 0
5 2736 176 49 0
5 3104 176 45 0
5 3120 176 46 0
5 3152 176 46 0
5 3168 176 46 0
5 3200 176 46 0
5 3216 176 46 0
5 3248 176 47 0
2 3216 192 2 0
5 3232 176 49 0
5 3184 176 49 0
5 3136 176 49 0
5 2976 416 45 0
5 2992 416 46 0
5 3008 416 46 0
5 3024 416 46 0
5 3040 416 46 0
5 3056 416 46 0
5 3072 416 46 0
5 3088 416 46 0
5 3104 416 46 0
5 3120 416 47 0
5 2864 416 49 0
5 3264 416 48 0
5 3328 416 45 0
5 3344 416 46 0
